A||B||C||D||E||F||G||H||I||J||K||L||M||N||O||P||Q||R||S||T||U||V||W||X||operDirection||Y||operDescription||Z||AA||AB||AC||AD||AE||AF||AG||AH||AI||AJ||AK||AL||AM||AN||AO||AP||stopPrice||currPrice
2018-12-06 21:30:00||99.65||99.68||98.16||98.5||10020.8566||104.26||99.85||102.055||0.04229810090159228||0.0||0.0||1.0||0.0||98.5||4.0||1.0||1.0||102.62||98.92||102.3875||0.08742589071058282||2.4925365891916975||2.700243764283999||空仓||-0.01593880976719788||空仓||6.256757391327333E-4||102.79153658919171||96.59576623571603||0.0||0.0||0.0||0.0||0.0||0.0||0.01||1.0||0.0||0.0||0.0||0.0||0.0||0.01||0.0||0.0
2018-12-06 21:45:00||98.48||98.8||97.68||98.21||11889.42846||104.26||99.85||102.055||0.04229810090159228||0.0||0.0||1.0||0.0||98.21||5.0||1.0||1.0||102.62||98.92||102.412||0.07843293659416288||2.535964813441623||2.74846612557211||空仓||-0.015394369412875582||空仓||5.444403543222974E-4||102.57896481344163||96.29410387442789||0.0||0.0||0.0||0.0||0.0||0.0||0.01||1.0||0.0||0.0||0.0||0.0||0.0||0.01||0.0||0.0
2018-12-06 22:00:00||98.21||98.73||97.78||98.11||7963.08117||104.26||99.61||101.935||0.044600038365624456||0.0||0.0||1.0||0.0||98.11||6.0||2.0||1.0||102.62||97.68||102.40616666666666||0.07632028615762955||2.5790676392749337||2.7901352323580912||空仓||-0.01723685993512285||空仓||-0.0018424905222472684||102.38406763927495||96.0168147676419||0.0||0.0||0.0||0.0||0.0||0.0||0.01||1.0||0.0||0.0||0.0||0.0||0.0||0.01||0.0||0.0
2018-12-06 22:15:00||98.11||100.17||98.11||99.12||10187.14138||104.26||99.61||101.935||0.044600038365624456||0.0||0.0||1.0||0.0||99.12||7.0||2.0||1.0||102.62||97.68||102.28516666666667||0.07839673495983446||2.595268144854684||2.821243233461614||空仓||-0.017277039080332398||空仓||-4.0179145209547074E-5||102.24526814485469||95.83225676653839||0.0||0.0||0.0||0.0||0.0||0.0||0.01||1.0||0.0||0.0||0.0||0.0||0.0||0.01||0.0||0.0
2018-12-06 22:30:00||99.11||99.52||97.1||97.59||20632.49403||103.79||98.5||101.14500000000001||0.05096830137778212||0.0||0.0||1.0||0.0||97.59||8.0||2.0||1.0||100.17||97.68||102.142||0.09202834326575708||2.615408104258439||2.869471881645091||空仓||-0.0228666516908084||空仓||-0.005589612610476||101.84140810425843||95.3642681183549||0.0||0.0||0.0||0.0||0.0||0.0||0.01||1.0||0.0||0.0||0.0||0.0||0.0||0.01||0.0||0.0
2018-12-06 22:45:00||97.53||100.15||97.0||99.31||20198.31501||103.79||98.21||101.0||0.05376240485595927||0.0||0.0||1.0||0.0||0.0||7.0||2.0||-1.0||100.17||97.68||102.00466666666665||0.11721525932181463||2.6247644151988414||2.9099752325993675||空仓||-0.025896431400122953||空仓||-0.003029779709314555||101.69376441519886||95.16833476740065||0.0||0.0||0.0||0.0||0.0||0.0||0.01||1.0||0.0||0.0||0.0||0.0||0.0||0.01||0.0||0.0
2018-12-06 23:00:00||99.32||100.16||97.84||98.04||12822.33076||103.79||98.11||100.95||0.05472588881395131||0.0||0.0||1.0||0.0||98.04||8.0||2.0||1.0||100.17||97.0||101.85600000000001||0.1520268785680738||2.633516026088291||2.9342099657743135||空仓||-0.02633071341685521||空仓||-4.342820167322556E-4||101.48351602608828||94.92729003422569||0.0||0.0||0.0||0.0||0.0||0.0||0.01||1.0||0.0||0.0||0.0||0.0||0.0||0.01||0.0||0.0
2018-12-06 23:15:00||97.94||98.75||97.3||98.31||10315.5654||103.79||98.11||100.95||0.05472588881395131||0.0||0.0||1.0||0.0||0.0||7.0||2.0||-1.0||100.16||97.0||101.70716666666667||0.19342565349280486||2.6653682640853353||2.976145265987147||空仓||-0.0260334184138268||空仓||2.9729500302841036E-4||101.31436826408533||94.68636473401286||0.0||0.0||0.0||0.0||0.0||0.0||0.01||1.0||0.0||0.0||0.0||0.0||0.0||0.01||0.0||0.0
2018-12-06 23:30:00||98.32||98.68||97.57||98.36||5863.86634||103.79||97.59||100.69||0.05973600539551019||0.0||0.0||1.0||0.0||0.0||6.0||2.0||-1.0||100.16||97.3||101.56333333333333||0.2389478152174448||2.6946487898871596||3.0012842769261914||空仓||-0.03078148594241263||空仓||-0.004748067528585833||101.21864878988715||94.53747572307383||0.0||0.0||0.0||0.0||0.0||0.0||0.01||1.0||0.0||0.0||0.0||0.0||0.0||0.01||0.0||0.0
2018-12-06 23:45:00||98.35||99.79||98.21||98.36||7136.83178||103.79||97.59||100.69||0.05973600539551019||0.0||0.0||1.0||0.0||0.0||5.0||2.0||-1.0||100.16||97.3||101.41216666666666||0.2881491288658633||2.6976965742504624||3.0121445488079033||空仓||-0.03071078618516876||空仓||7.069975724387223E-5||101.08869657425045||94.39494545119209||0.0||0.0||0.0||0.0||0.0||0.0||0.01||1.0||0.0||0.0||0.0||0.0||0.0||0.01||0.0||0.0
2018-12-07 00:00:00||98.36||98.41||97.65||98.21||5763.5112||103.79||97.59||100.69||0.05973600539551019||0.0||0.0||1.0||0.0||0.0||4.0||2.0||-1.0||99.79||97.3||101.25483333333332||0.34063257115444884||2.7133646810108036||3.0203758276174866||空仓||-0.030544779916290704||空仓||1.6600626887805503E-4||101.0753646810108||94.35800417238251||0.0||0.0||0.0||0.0||0.0||0.0||0.01||1.0||0.0||0.0||0.0||0.0||0.0||0.01||0.0||0.0
2018-12-07 00:15:00||98.22||98.75||97.85||98.29||4229.85905||103.79||97.59||100.69||0.05973600539551019||0.0||0.0||1.0||0.0||0.0||3.0||2.0||-1.0||99.79||97.65||101.10333333333334||0.39521032686215735||2.715104961319247||3.0191822020984076||空仓||-0.030565758354012304||空仓||-2.0978437721599907E-5||101.08510496131925||94.3671177979016||0.0||0.0||0.0||0.0||0.0||0.0||0.01||1.0||0.0||0.0||0.0||0.0||0.0||0.01||0.0||0.0
2018-12-07 00:30:00||98.27||98.62||97.58||97.62||4134.80671||103.59||97.59||100.59||0.057920648711265565||0.0||0.0||1.0||0.0||0.0||2.0||2.0||-1.0||98.75||97.65||100.93450000000001||0.453033161552391||2.7229494584919127||3.021573203125938||空仓||-0.028497770911542916||空仓||0.002067987442469388||101.04394945849191||94.31621679687407||0.0||0.0||0.0||0.0||0.0||0.0||0.01||1.0||0.0||0.0||0.0||0.0||0.0||0.01||0.0||0.0
2018-12-07 00:45:00||97.64||98.5||96.84||97.92||14793.13139||103.58||97.59||100.58500000000001||0.057829696852674216||0.0||0.0||1.0||0.0||0.0||1.0||2.0||-1.0||98.75||97.65||100.75783333333334||0.5137434461987146||2.7307448104661765||3.0327221965700426||空仓||-0.028400228883739276||空仓||9.754202780364041E-5||100.93174481046617||94.18626780342994||0.0||0.0||0.0||0.0||0.0||0.0||0.01||1.0||0.0||0.0||0.0||0.0||0.0||0.01||0.0||0.0
2018-12-07 01:00:00||97.73||97.97||96.3||96.54||8300.50058||103.52||97.59||100.555||0.057283616692426514||0.0||0.0||1.0||0.0||96.54||2.0||2.0||1.0||98.75||97.65||100.58416666666666||0.5763173061952747||2.745754813489056||3.0520984882655466||空仓||-0.02725537295017148||空仓||0.0011448559335677962||100.84175481348906||94.06294151173446||0.0||0.0||0.0||0.0||0.0||0.0||0.01||1.0||0.0||0.0||0.0||0.0||0.0||0.01||0.0||0.0
2018-12-07 01:15:00||96.54||97.11||96.02||96.53||6001.05369||103.52||97.59||100.555||0.057283616692426514||0.0||0.0||1.0||0.0||96.53||3.0||2.0||1.0||98.75||97.65||100.4105||0.6401110632848946||2.776605932465333||3.0776070579398587||空仓||-0.026960333824897296||空仓||2.950391252741838E-4||100.59460593246534||93.76221294206016||0.0||0.0||0.0||0.0||0.0||0.0||0.01||1.0||0.0||0.0||0.0||0.0||0.0||0.01||0.0||0.0
2018-12-07 01:30:00||96.56||97.2||96.39||96.78||3656.97562||103.52||97.59||100.555||0.057283616692426514||0.0||0.0||1.0||0.0||96.78||4.0||2.0||1.0||98.75||96.02||100.20966666666666||0.7067640156732474||2.8030603723395595||3.091214793662878||空仓||-0.02683168878375511||空仓||1.2864504114218703E-4||100.49506037233957||93.62386520633713||0.0||0.0||0.0||0.0||0.0||0.0||0.01||1.0||0.0||0.0||0.0||0.0||0.0||0.01||0.0||0.0
2018-12-07 01:45:00||96.76||97.54||96.47||97.13||5049.69698||103.29||97.59||100.44||0.055184432181237315||0.0||0.0||1.0||0.0||97.13||5.0||2.0||1.0||98.75||96.02||100.00883333333333||0.7753657415733685||2.808119599709833||3.0974991256388336||空仓||-0.024783841604954667||空仓||0.0020478471788004417||100.38211959970982||93.50076087436118||0.0||0.0||0.0||0.0||0.0||0.0||0.01||1.0||0.0||0.0||0.0||0.0||0.0||0.01||0.0||0.0
2018-12-07 02:00:00||97.1||97.25||96.52||96.93||4033.2664||102.79||96.54||99.665||0.060803580114797154||0.0||0.0||1.0||0.0||0.0||4.0||2.0||-1.0||97.54||96.02||99.78783333333334||0.8466967651036804||2.8166863229221484||3.093844453329961||空仓||-0.03031492450635751||空仓||-0.005531082901402844||100.24768632292216||93.36284554667004||0.0||0.0||0.0||0.0||0.0||0.0||0.01||1.0||0.0||0.0||0.0||0.0||0.0||0.01||0.0||0.0
2018-12-07 02:15:00||96.93||96.99||96.05||96.3||4467.57598||101.83||96.53||99.18||0.052047530197387774||0.0||0.0||1.0||0.0||96.3||5.0||2.0||1.0||97.54||96.02||99.56683333333334||0.9187094706571258||2.8198999276997214||3.095717688065513||空仓||-0.021333004674203793||空仓||0.008981919832153719||100.04489992769972||93.15703231193447||0.0||0.0||0.0||0.0||0.0||0.0||0.01||1.0||0.0||0.0||0.0||0.0||0.0||0.01||0.0||0.0
2018-12-07 02:30:00||96.26||96.3||95.32||96.28||8255.8319||101.83||96.53||99.18||0.052047530197387774||0.0||0.0||1.0||0.0||96.28||6.0||2.0||1.0||97.54||96.02||99.4075||0.9879216040685821||2.843130714881882||3.1096997207031385||空仓||-0.021133371308807485||空仓||1.996333653963081E-4||99.87513071488189||92.95198027929689||0.0||0.0||0.0||0.0||0.0||0.0||0.01||1.0||0.0||0.0||0.0||0.0||0.0||0.01||0.0||0.0
2018-12-07 02:45:00||96.29||96.73||96.09||96.53||6010.58333||101.83||96.53||99.18||0.052047530197387774||0.0||0.0||1.0||0.0||0.0||5.0||2.0||-1.0||97.54||95.32||99.2365||1.055247908081119||2.8561652760359677||3.109302765971206||空仓||-0.021147975437172433||空仓||-1.4604128364948538E-5||99.71216527603599||92.7781372340288||0.0||0.0||0.0||0.0||0.0||0.0||0.01||1.0||0.0||0.0||0.0||0.0||0.0||0.01||0.0||0.0
2018-12-07 03:00:00||96.54||97.26||96.23||96.95||4953.54498||101.83||96.53||99.18||0.052047530197387774||0.0||0.0||1.0||0.0||0.0||4.0||2.0||-1.0||97.54||95.32||99.06550000000001||1.1205459437991587||2.847952805450404||3.102508987385326||空仓||-0.02135922801669809||空仓||-2.112525795256552E-4||99.63695280545042||92.71860101261468||0.0||0.0||0.0||0.0||0.0||0.0||0.01||1.0||0.0||0.0||0.0||0.0||0.0||0.01||0.0||0.0
2018-12-07 03:15:00||96.95||97.21||96.71||97.02||5433.8284||101.83||96.3||99.065||0.05430619660218012||0.0||0.0||1.0||0.0||0.0||3.0||2.0||-1.0||97.26||95.32||98.88983333333334||1.1839501239262904||2.8444668928925694||3.0839888318289894||空仓||-0.02375344601095378||空仓||-0.0023942179942556922||99.54346689289258||92.64802116817101||0.0||0.0||0.0||0.0||0.0||0.0||0.01||1.0||0.0||0.0||0.0||0.0||0.0||0.01||0.0||0.0
2018-12-07 03:30:00||97.02||98.4||97.02||97.9||5347.42058||101.83||96.28||99.055||0.05450260237650984||0.0||0.0||1.0||0.0||0.0||2.0||2.0||-1.0||97.26||95.32||98.70033333333333||1.2456210897002338||2.8161147869000644||3.053493878648978||空仓||-0.024525030029476938||空仓||-7.715840185231575E-4||99.65111478690007||92.81315612135104||0.0||0.0||0.0||0.0||0.0||0.0||0.01||1.0||0.0||0.0||0.0||0.0||0.0||0.01||0.0||0.0
2018-12-07 03:45:00||97.92||98.2||97.4||98.17||4261.76814||101.83||96.28||99.055||0.05450260237650984||0.0||0.0||1.0||0.0||0.0||1.0||2.0||-1.0||98.4||95.32||98.54983333333334||1.3033667688335508||2.786173766602342||3.0243237906607003||空仓||-0.02490854330926403||空仓||-3.835132797870913E-4||99.78517376660234||93.0046862093393||0.0||0.0||0.0||0.0||0.0||0.0||0.01||1.0||0.0||0.0||0.0||0.0||0.0||0.01||0.0||0.0
2018-12-07 04:00:00||98.14||98.17||97.12||97.21||4420.14187||101.83||96.28||99.055||0.05450260237650984||0.0||0.0||1.0||0.0||0.0||0.0||2.0||-1.0||98.4||95.32||98.39933333333335||1.3571690246473784||2.76803376376932||3.0042491371641047||空仓||-0.024812843602034864||空仓||9.569970722916529E-5||99.81003376376933||93.0673308628359||0.0||0.0||0.0||0.0||0.0||0.0||0.01||1.0||0.0||0.0||0.0||0.0||0.0||0.01||0.0||0.0
2018-12-07 04:15:00||97.21||97.78||97.07||97.28||2753.42587||101.83||96.28||99.055||0.05450260237650984||0.0||0.0||1.0||0.0||0.0||0.0||2.0||0.0||98.4||95.32||98.25200000000001||1.4035975981031792||2.7525420781809786||2.9838255669535383||空仓||-0.02501880485834312||挂空单||-2.059612563082569E-4||99.809542078181||93.10260443304647||0.0||0.0||0.0||0.0||0.0||0.0||0.01||0.0||99.80359759810318||99.80359759810318||0.0||0.0||0.0||0.01||99.80359759810318||0.0
2018-12-07 04:30:00||97.25||97.68||97.21||97.5||1934.78509||100.88||96.28||98.58||0.045598731165741424||0.0||0.0||1.0||0.0||0.0||0.0||2.0||0.0||98.4||97.07||98.13383333333334||1.4403366854984234||2.7398168974682706||2.965316879302763||空仓||-0.01634163487460792||挂空单||0.0086771699837352||99.85381689746828||93.17754312069725||0.0||0.0||0.0||0.0||0.0||0.0||0.01||0.0||99.84033668549843||99.84033668549843||0.0||0.0||0.0||0.01||99.84033668549843||0.0
2018-12-07 04:45:00||97.47||97.79||97.45||97.72||1231.47574||100.32||96.28||98.3||0.04027113237639546||0.0||0.0||1.0||0.0||0.0||0.0||2.0||0.0||98.4||97.07||98.03266666666667||1.4666771992067797||2.7272474298122216||2.938921846127771||空仓||-0.011279271570316902||挂空单||0.00506236330429102||99.98324742981222||93.34451815387224||0.0||0.0||0.0||0.0||0.0||0.0||0.01||0.0||99.86667719920679||99.86667719920679||0.0||0.0||0.0||0.01||99.86667719920679||0.0
2018-12-07 05:00:00||97.76||98.19||97.25||97.65||4872.33149||100.32||96.28||98.3||0.04027113237639546||0.0||0.0||1.0||0.0||0.0||0.0||2.0||0.0||98.4||97.07||97.9315||1.4821317159858909||2.7042223430021712||2.91157642934572||空仓||-0.01151640235925316||挂空单||-2.3713078893625866E-4||100.09722234300217||93.50749357065429||0.0||0.0||0.0||0.0||0.0||0.0||0.01||0.0||99.88213171598589||99.88213171598589||0.0||0.0||0.0||0.01||99.88213171598589||0.0
2018-12-07 05:15:00||97.66||97.81||97.48||97.72||1458.16077||99.69||96.28||97.985||0.03420603872003206||0.0||0.0||1.0||0.0||0.0||0.0||2.0||0.0||98.19||97.25||97.82983333333334||1.4859903118018056||2.6836391830322284||2.8799345121230884||空仓||-0.005739124602372851||挂空单||0.005777277756880309||100.19563918303223||93.65694548787691||0.0||0.0||0.0||0.0||0.0||0.0||0.01||0.0||99.6759903118018||99.6759903118018||0.0||0.0||0.0||0.01||99.6759903118018||0.0
2018-12-07 05:30:00||97.72||97.82||97.54||97.63||1204.40136||99.69||96.28||97.985||0.03420603872003206||0.0||0.0||1.0||0.0||0.0||0.0||2.0||0.0||98.19||97.25||97.74883333333332||1.4779349383056806||2.666499609613177||2.8494146236514957||空仓||-0.005956964494565134||挂空单||-2.1783989219228278E-4||100.2464996096132||93.7547853763485||0.0||0.0||0.0||0.0||0.0||0.0||0.01||0.0||99.66793493830568||99.66793493830568||0.0||0.0||0.0||0.01||99.66793493830568||0.0
2018-12-07 05:45:00||97.65||97.65||96.6||96.77||2861.07995||99.31||96.28||97.795||0.03051052260598128||0.0||0.0||1.0||0.0||0.0||0.0||2.0||0.0||97.82||97.25||97.66166666666666||1.4643961439594004||2.6501183526237395||2.825008286842411||空仓||-0.00222114242893183||挂空单||0.003735822065633304||100.20511835262374||93.7544417131576||0.0||0.0||0.0||0.0||0.0||0.0||0.01||0.0||99.2843961439594||99.2843961439594||0.0||0.0||0.0||0.01||99.2843961439594||0.0
2018-12-07 06:00:00||96.78||96.8||96.37||96.62||1699.90498||99.31||96.28||97.795||0.03051052260598128||0.0||0.0||1.0||0.0||0.0||0.0||2.0||0.0||97.82||97.25||97.61533333333333||1.4447924658954647||2.646031263908239||2.8095113052824336||空仓||-0.0022785697536180406||挂空单||-5.742732468621073E-5||100.07303126390823||93.64321869471758||0.0||0.0||0.0||0.0||0.0||0.0||0.01||0.0||99.26479246589545||99.26479246589545||0.0||0.0||0.0||0.01||99.26479246589545||0.0
2018-12-07 06:15:00||96.62||96.64||95.44||95.64||3536.54299||99.31||96.28||97.795||0.03051052260598128||0.0||0.0||1.0||0.0||95.64||2.0||2.0||2.0||97.82||97.25||97.56899999999999||1.419133312591896||2.6514384817319376||2.8348671165730956||空仓||-0.0018284565337048607||挂空单||4.5011321991317993E-4||99.82543848173195||93.36739288342693||0.0||0.0||0.0||0.0||0.0||0.0||0.01||0.0||99.23913331259189||99.23913331259189||0.0||0.0||0.0||0.01||99.23913331259189||0.0
2018-12-07 06:30:00||95.63||95.66||94.1||95.01||8212.29564||99.31||96.28||97.795||0.03051052260598128||0.0||0.0||1.0||0.0||95.01||3.0||2.0||1.0||97.82||97.25||97.534||1.3878770690907913||2.6840455898310145||2.8753140262064814||空仓||-0.0012538148066049241||空仓||5.746417270999366E-4||99.63804558983102||93.10914597379352||0.0||0.0||0.0||0.0||0.0||0.0||0.01||1.0||0.0||0.0||0.0||0.0||0.0||0.01||0.0||0.0
2018-12-07 06:45:00||95.01||95.04||94.08||94.11||3321.44389||99.31||96.28||97.795||0.03051052260598128||0.0||0.0||1.0||0.0||94.11||4.0||2.0||1.0||97.82||97.25||97.49916666666667||1.3513597886751978||2.728783083142729||2.930544063549185||空仓||-4.4290414518054905E-4||空仓||8.109106614243751E-4||99.36578308314273||92.74008593645081||0.0||0.0||0.0||0.0||0.0||0.0||0.01||1.0||0.0||0.0||0.0||0.0||0.0||0.01||0.0||0.0
2018-12-07 07:00:00||94.12||95.65||94.12||94.3||4188.40888||99.31||96.28||97.795||0.03051052260598128||0.0||0.0||1.0||0.0||94.3||5.0||2.0||1.0||97.82||94.08||97.4065||1.3119805141861245||2.771918273933585||2.9795033601439775||空仓||-1.5179901434288906E-5||空仓||4.2772424374626014E-4||99.08891827393359||92.37432663985601||0.0||0.0||0.0||0.0||0.0||0.0||0.01||1.0||0.0||0.0||0.0||0.0||0.0||0.01||0.0||0.0
2018-12-07 07:15:00||94.3||94.43||93.78||93.87||13718.43465||98.36||95.64||97.0||0.027653517690117924||0.0||0.0||1.0||0.0||93.87||6.0||2.0||1.0||95.65||94.08||97.27766666666666||1.2718067329826603||2.8316921874133314||3.0306346045741934||空仓||0.0035722562098901983||空仓||0.0035874361113244872||98.76369218741334||91.94204539542581||1.0||0.0||0.0||0.0||0.0||0.0||0.01||1.0||0.0||0.0||0.0||0.0||0.0||0.01||0.0||0.0
2018-12-07 07:30:00||93.88||94.01||91.68||91.88||16234.96158||98.36||95.01||96.685||0.034058560390402545||0.0||0.0||1.0||0.0||91.88||7.0||2.0||1.0||95.65||94.08||97.155||1.2309926474015114||2.8978849997867053||3.120195695220187||空仓||-0.001308883121100779||空仓||-0.004881139330990977||98.2528849997867||91.28125430477981||0.0||0.0||0.0||0.0||0.0||0.0||0.01||1.0||0.0||0.0||0.0||0.0||0.0||0.01||0.0||0.0
2018-12-07 07:45:00||91.88||92.26||90.2||91.0||19636.50147||98.36||94.11||96.235||0.04320862139080927||0.0||0.0||1.0||0.0||91.0||8.0||2.0||1.0||95.65||94.08||97.0265||1.1894591334604219||2.9983041658825167||3.2367759132082243||空仓||-0.008949939637563437||空仓||-0.007641056516462658||97.68130416588254||90.4993940867918||0.0||0.0||0.0||0.0||0.0||0.0||0.01||1.0||0.0||0.0||0.0||0.0||0.0||0.01||0.0||0.0
2018-12-07 08:00:00||91.18||94.5||90.1||91.3||15968.91817||98.36||94.11||96.235||0.04320862139080927||0.0||0.0||1.0||0.0||91.3||9.0||2.0||1.0||95.65||94.08||96.91533333333334||1.1476539340597014||3.0464574538646163||3.3493216002756188||空仓||-0.008182449133743358||空仓||7.674905038200786E-4||97.09645745386462||89.76017839972438||0.0||0.0||0.0||0.0||0.0||0.0||0.01||1.0||0.0||0.0||0.0||0.0||0.0||0.01||0.0||0.0
2018-12-07 08:15:00||91.13||91.79||90.73||91.18||8721.41002||98.29||93.87||96.08000000000001||0.04496896937633535||0.0||0.0||1.0||0.0||91.18||10.0||2.0||1.0||94.5||90.1||96.71866666666666||1.1106330476098616||3.150169756663649||3.4444963245693834||空仓||-0.008806071365625584||空仓||-6.23622231882226E-4||96.64116975666366||89.11159367543063||0.0||0.0||0.0||0.0||0.0||0.0||0.01||1.0||0.0||0.0||0.0||0.0||0.0||0.01||0.0||0.0
2018-12-07 08:30:00||91.17||91.3||89.75||89.84||17145.66007||98.29||91.88||95.08500000000001||0.06521517957065837||0.0||0.0||1.0||0.0||89.84||11.0||2.0||1.0||94.5||90.1||96.52199999999999||1.0786444536877144||3.261491786969666||3.5562972277340363||空仓||-0.027271117823643103||空仓||-0.01846504645801752||96.07449178696967||88.32857277226597||0.0||0.0||0.0||0.0||0.0||0.0||0.01||1.0||0.0||0.0||0.0||0.0||0.0||0.01||0.0||0.0
2018-12-07 08:45:00||89.93||90.0||87.2||87.59||23919.49855||98.17||91.0||94.58500000000001||0.07303656921666499||0.0||0.0||1.0||0.0||87.59||12.0||2.0||1.0||94.5||90.1||96.32533333333333||1.052120196106984||3.3915904030682817||3.7232390936843553||空仓||-0.03242217546879059||空仓||-0.005151057645147485||95.39959040306829||87.36468090631566||0.0||0.0||0.0||0.0||0.0||0.0||0.01||1.0||0.0||0.0||0.0||0.0||0.0||0.01||0.0||0.0
2018-12-07 09:00:00||87.59||89.9||87.17||88.29||18636.24371||98.17||91.0||94.58500000000001||0.07303656921666499||0.0||0.0||1.0||0.0||88.29||13.0||2.0||1.0||94.5||90.1||96.15583333333333||1.0318512736619845||3.5174636703552324||3.87972355909||空仓||-0.031145147597878987||空仓||0.0012770278709115998||94.85346367035523||86.54291644091||0.0||0.0||0.0||0.0||0.0||0.0||0.01||1.0||0.0||0.0||0.0||0.0||0.0||0.01||0.0||0.0
2018-12-07 09:15:00||88.2||88.36||86.26||87.16||16501.95446||98.17||91.0||94.58500000000001||0.07303656921666499||0.0||0.0||1.0||0.0||87.16||14.0||2.0||1.0||94.5||90.1||95.98633333333333||1.0182485106329084||3.6797646983596803||4.054633812089577||空仓||-0.0286676011668184||空仓||0.002477546431060587||94.32076469835967||85.67995618791042||0.0||0.0||0.0||0.0||0.0||0.0||0.01||1.0||0.0||0.0||0.0||0.0||0.0||0.01||0.0||0.0
2018-12-07 09:30:00||87.06||87.98||86.29||87.0||12601.23503||98.17||89.84||94.005||0.08485280635632064||0.0||0.0||1.0||0.0||87.0||15.0||2.0||1.0||94.5||86.26||95.773||1.0158917620918506||3.841008554492722||4.212835409183933||空仓||-0.03856634679496056||空仓||-0.009898745628142157||93.75200855449272||84.79905459081607||0.0||0.0||0.0||0.0||0.0||0.0||0.01||1.0||0.0||0.0||0.0||0.0||0.0||0.01||0.0||0.0
2018-12-07 09:45:00||86.96||88.05||86.53||87.28||12552.62772||98.17||87.59||92.88||0.10777223184272179||0.0||0.0||1.0||0.0||87.28||16.0||2.0||1.0||94.5||86.26||95.55966666666666||1.0248501405728505||3.98927765886204||4.354134838182625||空仓||-0.05997541414654475||空仓||-0.021409067351584196||93.24127765886203||84.00534516181737||0.0||0.0||0.0||0.0||0.0||0.0||0.01||1.0||0.0||0.0||0.0||0.0||0.0||0.01||0.0||0.0
2018-12-07 10:00:00||87.28||88.49||87.18||87.34||15484.9105||98.17||87.59||92.88||0.10777223184272179||0.0||0.0||1.0||0.0||87.34||17.0||2.0||1.0||94.5||86.26||95.34633333333333||1.040851187678359||4.115027359333984||4.470273328830552||空仓||-0.05862349879850072||空仓||0.0013519153480440332||92.91302735933398||83.43974667116944||0.0||0.0||0.0||0.0||0.0||0.0||0.01||1.0||0.0||0.0||0.0||0.0||0.0||0.01||0.0||0.0
2018-12-07 10:15:00||87.34||87.34||86.26||86.84||11520.63978||98.17||87.16||92.66499999999999||0.1121523887134563||0.0||0.0||1.0||0.0||86.84||18.0||2.0||1.0||88.49||86.26||95.0445||1.0705472004080023||4.261475773755862||4.599129145888406||空仓||-0.06113554785875647||空仓||-0.002512049060255747||92.64347577375587||82.8990508541116||0.0||0.0||0.0||0.0||0.0||0.0||0.01||1.0||0.0||0.0||0.0||0.0||0.0||0.01||0.0||0.0
2018-12-07 10:30:00||86.84||86.84||85.42||85.45||16986.48841||98.17||87.0||92.58500000000001||0.11378221452582257||0.0||0.0||1.0||0.0||85.45||19.0||2.0||1.0||88.49||86.26||94.74266666666668||1.113059784473531||4.410333580344685||4.739379664137526||空仓||-0.060243810520660426||空仓||8.917373380960408E-4||92.20733358034468||82.17965033586246||0.0||0.0||0.0||0.0||0.0||0.0||0.01||1.0||0.0||0.0||0.0||0.0||0.0||0.01||0.0||0.0
2018-12-07 10:45:00||85.48||85.89||83.76||84.68||19684.1047||98.17||87.0||92.58500000000001||0.11378221452582257||0.0||0.0||1.0||0.0||84.68||20.0||2.0||1.0||88.49||86.26||94.4455||1.1670555390357942||4.571202128604709||4.910392904889806||空仓||-0.05779735958076758||空仓||0.002446450939892847||91.71820212860473||81.3651370951102||0.0||0.0||0.0||0.0||0.0||0.0||0.01||1.0||0.0||0.0||0.0||0.0||0.0||0.01||0.0||0.0
2018-12-07 11:00:00||84.68||84.68||83.0||83.02||14693.13893||98.17||87.0||92.58500000000001||0.11378221452582257||0.0||0.0||1.0||0.0||83.02||21.0||2.0||1.0||88.49||86.26||94.14833333333334||1.2318429957019794||4.752145554057322||5.090064743855293||空仓||-0.05450607445166806||空仓||0.0032912851290995207||91.21714555405732||80.51028525614471||0.0||0.0||0.0||0.0||0.0||0.0||0.01||1.0||0.0||0.0||0.0||0.0||0.0||0.01||0.0||0.0
2018-12-07 11:15:00||83.02||83.97||82.66||83.6||12487.13495||98.17||86.84||92.505||0.11541204033818883||0.0||0.0||1.0||0.0||83.6||22.0||2.0||1.0||88.49||86.26||93.83216666666667||1.3054358560395518||4.938077396654505||5.26427174144602||空仓||-0.05439320578017134||空仓||1.1286867149672142E-4||91.00407739665451||79.94106825855398||0.0||0.0||0.0||0.0||0.0||0.0||0.01||1.0||0.0||0.0||0.0||0.0||0.0||0.01||0.0||0.0
2018-12-07 11:30:00||83.61||85.72||83.58||85.33||15538.60281||98.17||85.45||91.81||0.12957115208312112||0.0||0.0||1.0||0.0||85.33||23.0||2.0||1.0||88.49||82.66||93.456||1.390935669728975||5.0691069495628565||5.404533758527077||空仓||-0.06819976623939714||空仓||-0.013806560459225799||90.83910694956286||79.50776624147294||0.0||0.0||0.0||0.0||0.0||0.0||0.01||1.0||0.0||0.0||0.0||0.0||0.0||0.01||0.0||0.0
2018-12-07 11:45:00||85.35||86.2||84.78||84.8||11590.11865||98.17||84.68||91.42500000000001||0.13741468880513388||0.0||0.0||1.0||0.0||0.0||22.0||2.0||-1.0||88.49||82.66||93.07983333333333||1.4863185888326826||5.182785256810019||5.514975227297314||空仓||-0.07433827085638782||空仓||-0.006138504616990684||90.71678525681004||79.1636847727027||0.0||0.0||0.0||0.0||0.0||0.0||0.01||1.0||0.0||0.0||0.0||0.0||0.0||0.01||0.0||0.0
2018-12-07 12:00:00||84.8||85.31||84.52||84.72||10742.83947||98.17||83.02||90.595||0.15432413160843442||0.0||0.0||1.0||0.0||0.0||21.0||2.0||-1.0||86.2||82.66||92.63633333333334||1.5937062838118252||5.3144623507021675||5.625297611174515||空仓||-0.08975992031312822||空仓||-0.015421649456740405||90.62046235070218||78.8276423888255||0.0||0.0||0.0||0.0||0.0||0.0||0.01||1.0||0.0||0.0||0.0||0.0||0.0||0.01||0.0||0.0
2018-12-07 12:15:00||84.72||85.71||84.42||84.97||11815.47145||97.72||83.02||90.37||0.15042979942693413||0.0||0.0||1.0||0.0||0.0||20.0||2.0||-1.0||86.2||82.66||92.19283333333334||1.7102143480708418||5.428529612473473||5.7317945405834445||空仓||-0.08475765541694874||空仓||0.005002264896179484||90.50352961247349||78.49245545941656||0.0||0.0||0.0||0.0||0.0||0.0||0.01||1.0||0.0||0.0||0.0||0.0||0.0||0.01||0.0||0.0
2018-12-07 12:30:00||84.96||85.83||84.92||85.71||19797.37958||97.72||83.02||90.37||0.15042979942693413||0.0||0.0||1.0||0.0||0.0||19.0||2.0||-1.0||86.2||84.42||91.77866666666665||1.831643989005093||5.534801795671363||5.821664830661434||空仓||-0.08418043163827005||空仓||5.772237786786927E-4||90.44680179567138||78.24121516933857||0.0||0.0||0.0||0.0||0.0||0.0||0.01||1.0||0.0||0.0||0.0||0.0||0.0||0.01||0.0||0.0
2018-12-07 12:45:00||85.71||85.79||85.15||85.19||5896.92316||97.72||83.02||90.37||0.15042979942693413||0.0||0.0||1.0||0.0||0.0||18.0||2.0||-1.0||85.83||84.42||91.35883333333334||1.9569664153312263||5.633967836741186||5.902392122360767||空仓||-0.08272020933947109||空仓||0.001460222298798955||90.3809678367412||77.99713787763923||0.0||0.0||0.0||0.0||0.0||0.0||0.01||1.0||0.0||0.0||0.0||0.0||0.0||0.01||0.0||0.0
2018-12-07 13:00:00||85.2||85.29||84.07||85.16||10192.40298||97.72||83.02||90.37||0.15042979942693413||0.0||0.0||1.0||0.0||0.0||17.0||2.0||-1.0||85.83||84.42||90.93900000000001||2.083993512226903||5.737440793833527||5.997375569237547||空仓||-0.08153115943708517||空仓||0.0011890499023859274||90.45544079383352||77.87344443076245||0.0||0.0||0.0||0.0||0.0||0.0||0.01||1.0||0.0||0.0||0.0||0.0||0.0||0.01||0.0||0.0
2018-12-07 13:15:00||85.17||86.0||84.84||85.28||15679.39734||97.72||83.02||90.37||0.15042979942693413||0.0||0.0||1.0||0.0||0.0||16.0||2.0||-1.0||85.83||84.07||90.5195||2.2117043866731763||5.820783517388576||6.07346898264849||空仓||-0.08069332839013145||空仓||8.378310469537159E-4||90.59878351738857||77.8567510173515||0.0||0.0||0.0||0.0||0.0||0.0||0.01||1.0||0.0||0.0||0.0||0.0||0.0||0.01||0.0||0.0
2018-12-07 13:30:00||85.28||88.32||85.22||87.88||21316.85339||97.72||83.02||90.37||0.15042979942693413||0.0||0.0||1.0||0.0||0.0||15.0||2.0||-1.0||85.83||84.07||90.1||2.3373086716009492||5.864426151776136||6.144105699443849||空仓||-0.08210633645913722||空仓||-0.0014130080690057667||91.12842615177614||78.26725430055615||0.0||0.0||0.0||0.0||0.0||0.0||0.01||1.0||0.0||0.0||0.0||0.0||0.0||0.01||0.0||0.0
2018-12-07 13:45:00||87.85||89.0||87.06||87.94||14155.89686||97.63||83.02||90.32499999999999||0.14964662501280343||0.0||0.0||1.0||0.0||0.0||14.0||2.0||-1.0||85.83||84.07||89.6805||2.4596347057690817||5.903407182173987||6.1873374805354855||空仓||-0.08090234105380029||空仓||0.00120399540533693||91.601407182174||78.65368251946452||0.0||0.0||0.0||0.0||0.0||0.0||0.01||1.0||0.0||0.0||0.0||0.0||0.0||0.01||0.0||0.0
2018-12-07 14:00:00||87.94||87.94||86.5||86.96||15797.82435||96.77||83.02||89.895||0.14208949054459027||0.0||0.0||1.0||0.0||0.0||13.0||2.0||-1.0||89.0||84.07||89.31383333333332||2.573502865776459||5.949371352991702||6.234018917981233||空仓||-0.07203779855417551||空仓||0.008864542499624775||91.81037135299171||78.76837108201877||0.0||0.0||0.0||0.0||0.0||0.0||0.01||1.0||0.0||0.0||0.0||0.0||0.0||0.01||0.0||0.0
2018-12-07 14:15:00||86.96||87.44||86.76||87.02||5744.75233||96.62||83.02||89.82||0.14075760712067903||0.0||0.0||1.0||0.0||0.0||12.0||2.0||-1.0||89.0||86.5||88.98766666666666||2.675556960220035||6.002400541608729||6.272841710919548||空仓||-0.07022645191194382||空仓||0.0018113466422316898||92.08540054160872||78.94932828908046||0.0||0.0||0.0||0.0||0.0||0.0||0.01||1.0||0.0||0.0||0.0||0.0||0.0||0.01||0.0||0.0
2018-12-07 14:30:00||86.99||86.99||85.9||85.95||7757.06772||95.64||83.02||89.33||0.1319531576746132||0.0||0.0||1.0||0.0||0.0||11.0||2.0||-1.0||89.0||86.5||88.71433333333334||2.7646849871074686||6.053616579985801||6.320059141813659||空仓||-0.05997133264960179||空仓||0.01025511926234203||92.25961657998579||79.02388085818635||0.0||0.0||0.0||0.0||0.0||0.0||0.01||1.0||0.0||0.0||0.0||0.0||0.0||0.01||0.0||0.0
2018-12-07 14:45:00||85.94||86.6||85.61||86.51||7685.00197||95.01||83.02||89.015||0.1261972423955374||0.0||0.0||1.0||0.0||0.0||10.0||2.0||-1.0||89.0||86.5||88.47716666666668||2.8405149728497117||6.108751182394268||6.362640641932826||空仓||-0.054116605334347395||空仓||0.005854727315254396||92.46875118239429||79.13375935806717||0.0||0.0||0.0||0.0||0.0||0.0||0.01||1.0||0.0||0.0||0.0||0.0||0.0||0.01||0.0||0.0
2018-12-07 15:00:00||86.5||87.69||86.46||87.25||7335.64561||94.3||83.02||88.66||0.11961823966065749||0.0||0.0||1.0||0.0||0.0||9.0||2.0||-1.0||89.0||85.61||88.22516666666667||2.9039965731232136||6.143514855757505||6.39224509158749||空仓||-0.047780073773293616||空仓||0.006336531561053779||92.65751485575751||79.25661490841253||0.0||0.0||0.0||0.0||0.0||0.0||0.01||1.0||0.0||0.0||0.0||0.0||0.0||0.01||0.0||0.0
2018-12-07 15:15:00||87.26||87.33||86.5||87.1||5123.97219||94.3||83.02||88.66||0.11961823966065749||0.0||0.0||1.0||0.0||0.0||8.0||2.0||-1.0||87.69||85.61||87.95133333333334||2.9566691706935626||6.176691199474803||6.414571777791325||空仓||-0.04733774036521472||空仓||4.423334080788932E-4||92.8816911994748||79.42337822220868||0.0||0.0||0.0||0.0||0.0||0.0||0.01||1.0||0.0||0.0||0.0||0.0||0.0||0.01||0.0||0.0
2018-12-07 15:30:00||87.08||87.12||86.46||86.69||4891.17885||93.87||83.02||88.445||0.11558538404175997||0.0||0.0||1.0||0.0||0.0||7.0||2.0||-1.0||87.69||85.61||87.67750000000001||2.997384089924932||6.210244035494271||6.432979070375399||空仓||-0.042663345133756345||空仓||0.004674395231458378||93.06824403549426||79.5564409296246||0.0||0.0||0.0||0.0||0.0||0.0||0.01||1.0||0.0||0.0||0.0||0.0||0.0||0.01||0.0||0.0
2018-12-07 15:45:00||86.67||87.05||85.97||86.25||6872.42459||91.88||83.02||87.44999999999999||0.09643012625163257||0.0||0.0||1.0||0.0||0.0||6.0||2.0||-1.0||87.69||85.61||87.48916666666666||3.0254137124818232||6.243338632727939||6.457597310006816||空仓||-0.022801512090851378||空仓||0.019861833042904967||93.19833863272795||79.62785268999319||0.0||0.0||0.0||0.0||0.0||0.0||0.01||1.0||0.0||0.0||0.0||0.0||0.0||0.01||0.0||0.0
2018-12-07 16:00:00||86.27||87.19||85.92||86.84||6064.44948||91.3||83.02||87.16||0.09069003285870757||0.0||0.0||1.0||0.0||0.0||5.0||2.0||-1.0||87.69||85.61||87.30083333333334||3.041159647077117||6.273679016044617||6.483152566373829||空仓||-0.0172398279852711||空仓||0.005561684105580278||93.12467901604461||79.49933743362618||0.0||0.0||0.0||0.0||0.0||0.0||0.01||1.0||0.0||0.0||0.0||0.0||0.0||0.01||0.0||0.0
2018-12-07 16:15:00||86.85||87.3||85.87||85.95||5780.84167||91.3||83.02||87.16||0.09069003285870757||0.0||0.0||1.0||0.0||0.0||4.0||2.0||-1.0||87.69||85.61||87.1125||3.0448631615043187||6.303948973545427||6.507483165007586||空仓||-0.016161631820004768||空仓||0.0010781961652663319||92.95594897354545||79.27799683499242||0.0||0.0||0.0||0.0||0.0||0.0||0.01||1.0||0.0||0.0||0.0||0.0||0.0||0.01||0.0||0.0
2018-12-07 16:30:00||85.95||85.97||83.74||84.6||14710.39411||91.18||83.02||87.1||0.08949330993638967||0.0||0.0||1.0||0.0||0.0||3.0||2.0||-1.0||87.3||85.61||86.91766666666666||3.0354457608111383||6.349868852722766||6.559993817036096||空仓||-0.013193885174221445||空仓||0.002967746645783323||92.76586885272276||78.9918461829639||0.0||0.0||0.0||0.0||0.0||0.0||0.01||1.0||0.0||0.0||0.0||0.0||0.0||0.01||0.0||0.0
2018-12-07 16:45:00||84.61||85.2||83.76||84.55||6511.99231||89.84||83.02||86.43||0.07591273374888699||0.0||0.0||1.0||0.0||0.0||2.0||2.0||-1.0||87.3||83.74||86.69166666666666||3.0141473247514816||6.404835117171344||6.616835871228688||空仓||0.0010930083469145035||空仓||0.014286893521135949||92.57383511717136||78.69047412877133||1.0||0.0||0.0||0.0||0.0||0.0||0.01||1.0||0.0||0.0||0.0||0.0||0.0||0.01||0.0||0.0
2018-12-07 17:00:00||84.56||84.7||83.55||84.32||7354.37658||88.29||83.02||85.655||0.059689659078038394||0.0||0.0||1.0||0.0||0.0||1.0||2.0||-1.0||87.3||83.74||86.52966666666666||2.979869722872754||6.466109944017597||6.675691508364203||空仓||0.0182384804640738||空仓||0.017145472117159298||92.4721099440176||78.4702484916358||1.0||0.0||0.0||0.0||0.0||0.0||0.01||1.0||0.0||0.0||0.0||0.0||0.0||0.01||0.0||0.0
2018-12-07 17:15:00||84.31||85.05||84.14||85.0||9627.10306||88.29||83.02||85.655||0.059689659078038394||0.0||0.0||1.0||0.0||0.0||0.0||2.0||-1.0||87.3||83.55||86.36449999999999||2.9326382419653387||6.51644419372805||6.714601539744187||空仓||0.01814002170709241||空仓||-9.845875698138995E-5||92.37144419372804||78.28184846025579||0.0||0.0||0.0||0.0||0.0||0.0||0.01||1.0||0.0||0.0||0.0||0.0||0.0||0.01||0.0||0.0
2018-12-07 17:30:00||85.0||85.45||84.52||84.9||4846.30867||87.94||83.02||85.47999999999999||0.05594723675233115||0.0||0.0||1.0||0.0||0.0||0.0||2.0||0.0||87.3||83.55||86.19933333333333||2.8721266936617633||6.557689923734908||6.7439146420220615||空仓||0.022389657038934863||挂空单||0.004249635331842451||92.17768992373492||78.01988535797794||1.0||0.0||0.0||0.0||0.0||0.0||0.01||0.0||90.17212669366177||90.17212669366177||0.0||0.0||0.0||0.01||90.17212669366177||0.0
2018-12-07 17:45:00||84.9||84.94||84.0||84.36||5452.2118||87.94||83.02||85.47999999999999||0.05594723675233115||0.0||0.0||1.0||0.0||0.0||0.0||2.0||0.0||85.45||83.55||86.1035||2.800443041850941||6.6025408269202295||6.777312580907547||空仓||0.023354881596576962||挂空单||9.652245576420998E-4||91.94854082692024||77.71522741909247||1.0||0.0||0.0||0.0||0.0||0.0||0.01||0.0||88.25044304185094||88.25044304185094||0.0||0.0||0.0||0.01||88.25044304185094||0.0
2018-12-07 18:00:00||84.36||84.96||84.27||84.54||3103.8983||87.94||83.02||85.47999999999999||0.05594723675233115||0.0||0.0||1.0||0.0||0.0||0.0||2.0||0.0||85.45||84.0||86.01516666666667||2.7176712546185713||6.647006187262157||6.804861509322906||空仓||0.0236119523687066||挂空单||2.5707077212963614E-4||91.77800618726215||77.47482849067711||1.0||0.0||0.0||0.0||0.0||0.0||0.01||0.0||88.16767125461857||88.16767125461857||0.0||0.0||0.0||0.01||88.16767125461857||0.0
2018-12-07 18:15:00||84.53||85.3||84.53||84.6||3379.98005||87.94||83.02||85.47999999999999||0.05594723675233115||0.0||0.0||1.0||0.0||0.0||0.0||2.0||0.0||85.45||84.0||85.92683333333332||2.62379389130848||6.684449456598138||6.8304423981424325||空仓||0.02392801061611194||挂空单||3.160582474053403E-4||91.65044945659812||77.28589760185756||1.0||0.0||0.0||0.0||0.0||0.0||0.01||0.0||88.07379389130848||88.07379389130848||0.0||0.0||0.0||0.01||88.07379389130848||0.0
2018-12-07 18:30:00||84.62||84.77||83.95||84.27||3647.07852||87.94||83.02||85.47999999999999||0.05594723675233115||0.0||0.0||1.0||0.0||0.0||0.0||2.0||0.0||85.3||84.0||85.83600000000001||2.519007820532564||6.728993454682898||6.863751722132818||空仓||0.02470272869691363||挂空单||7.747180808016924E-4||91.4379934546829||76.99815827786719||1.0||0.0||0.0||0.0||0.0||0.0||0.01||0.0||87.81900782053256||87.81900782053256||0.0||0.0||0.0||0.01||87.81900782053256||0.0
2018-12-07 18:45:00||84.26||84.53||84.1||84.52||2561.99787||87.94||83.02||85.47999999999999||0.05594723675233115||0.0||0.0||1.0||0.0||0.0||0.0||2.0||0.0||85.3||83.95||85.74433333333333||2.4046496641995736||6.777914825649073||6.900398591986647||空仓||0.02497037693458154||挂空单||2.6764823766790846E-4||91.34391482564908||76.81994140801336||1.0||0.0||0.0||0.0||0.0||0.0||0.01||0.0||87.70464966419956||87.70464966419956||0.0||0.0||0.0||0.01||87.70464966419956||0.0
2018-12-07 19:00:00||84.52||85.03||84.28||84.86||3647.9279||87.94||83.02||85.47999999999999||0.05594723675233115||0.0||0.0||1.0||0.0||0.0||0.0||2.0||0.0||85.3||83.95||85.71266666666668||2.2828175186876134||6.807631364132164||6.952839368712242||空仓||0.025130248121840462||挂空单||1.5987118725892258E-4||91.39963136413218||76.79324063128776||1.0||0.0||0.0||0.0||0.0||0.0||0.01||0.0||87.5828175186876||87.5828175186876||0.0||0.0||0.0||0.01||87.5828175186876||0.0
2018-12-07 19:15:00||84.88||86.79||84.78||85.53||14500.89215||87.94||83.02||85.47999999999999||0.05594723675233115||0.0||0.0||1.0||0.0||0.0||0.0||2.0||0.0||85.3||83.95||85.68100000000001||2.1542644644200104||6.806796627572448||6.970833442247192||空仓||0.024595438740593195||空仓||-5.348093812472671E-4||91.49679662757245||76.8722665577528||0.0||0.0||0.0||0.0||0.0||0.0||0.01||1.0||0.0||0.0||0.0||0.0||0.0||0.01||0.0||0.0
2018-12-07 19:30:00||85.55||86.0||85.37||85.86||4443.40189||87.94||83.6||85.77||0.04935183079372303||0.0||0.0||1.0||0.0||0.0||0.0||2.0||0.0||86.79||83.95||85.71233333333333||2.0227406544282003||6.809749928568293||6.972847908507833||空仓||0.030910211117971167||挂空单||0.006314772377377972||91.65374992856832||77.02271209149218||1.0||0.0||0.0||0.0||0.0||0.0||0.01||0.0||88.81274065442821||88.81274065442821||0.0||0.0||0.0||0.01||88.81274065442821||0.0
2018-12-07 19:45:00||85.87||85.87||85.54||85.79||2913.50168||87.94||84.27||86.10499999999999||0.04173299977257223||0.0||0.0||1.0||0.0||0.0||0.0||2.0||0.0||86.79||83.95||85.74366666666667||1.8900544376464175||6.80629028090598||6.962845765091984||空仓||0.038516073814081016||挂空单||0.007605862696109848||91.72929028090599||77.11092423490801||1.0||0.0||0.0||0.0||0.0||0.0||0.01||0.0||88.68005443764642||88.68005443764642||0.0||0.0||0.0||0.01||88.68005443764642||0.0
2018-12-07 20:00:00||85.79||85.84||84.5||85.62||8426.69148||87.94||84.27||86.10499999999999||0.04173299977257223||0.0||0.0||1.0||0.0||0.0||0.0||2.0||0.0||86.79||83.95||85.74566666666666||1.7566507229168782||6.790917024497755||6.948077334663122||空仓||0.038499389617528655||空仓||-1.6684196552360642E-5||91.78591702449776||77.19697266533687||0.0||0.0||0.0||0.0||0.0||0.0||0.01||1.0||0.0||0.0||0.0||0.0||0.0||0.01||0.0||0.0
2018-12-07 20:15:00||85.61||85.99||85.08||85.35||5563.98279||87.94||84.27||86.10499999999999||0.04173299977257223||0.0||0.0||1.0||0.0||0.0||0.0||2.0||0.0||86.79||84.5||85.763||1.6240256674346578||6.767184035395193||6.92841162663328||空仓||0.03849896075483535||空仓||-4.288626933024453E-7||91.86118403539521||77.31464837336674||0.0||0.0||0.0||0.0||0.0||0.0||0.01||1.0||0.0||0.0||0.0||0.0||0.0||0.01||0.0||0.0
2018-12-07 20:30:00||85.35||85.54||85.08||85.37||3313.14022||87.94||84.27||86.10499999999999||0.04173299977257223||0.0||0.0||1.0||0.0||0.0||0.0||2.0||0.0||85.99||84.5||85.767||1.4943912298313748||6.759337787973966||6.906898633431143||空仓||0.03830821155110769||空仓||-1.9074920372766369E-4||91.93633778797395||77.41833136656886||0.0||0.0||0.0||0.0||0.0||0.0||0.01||1.0||0.0||0.0||0.0||0.0||0.0||0.01||0.0||0.0
2018-12-07 20:45:00||85.37||85.76||85.21||85.26||3980.87525||87.94||84.27||86.10499999999999||0.04173299977257223||0.0||0.0||1.0||0.0||0.0||0.0||2.0||0.0||85.99||84.5||85.77683333333334||1.369473351583022||6.744918036620481||6.877504347030057||空仓||0.03815453473159466||空仓||-1.5367681951303225E-4||91.9879180366205||77.51306565296997||0.0||0.0||0.0||0.0||0.0||0.0||0.01||1.0||0.0||0.0||0.0||0.0||0.0||0.01||0.0||0.0
2018-12-07 21:00:00||85.25||85.36||84.72||85.04||5344.60365||87.94||84.27||86.10499999999999||0.04173299977257223||0.0||0.0||1.0||0.0||0.0||0.0||2.0||0.0||85.76||84.5||85.78283333333333||1.2515611025271092||6.732371739862371||6.85706635461526||空仓||0.03816727124387669||挂空单||1.273651228203554E-5||92.0523717398624||77.60973364538475||1.0||0.0||0.0||0.0||0.0||0.0||0.01||0.0||87.01156110252711||87.01156110252711||0.0||0.0||0.0||0.01||87.01156110252711||0.0
2018-12-07 21:15:00||85.05||86.1||84.9||85.95||6207.65045||87.94||84.27||86.10499999999999||0.04173299977257223||0.0||0.0||1.0||0.0||0.0||0.0||2.0||0.0||85.76||84.72||85.79249999999999||1.1429580528611947||6.709550749007073||6.826698598407681||空仓||0.03701190626241762||空仓||-0.0011553649814590727||92.17255074900707||77.78167140159232||0.0||0.0||0.0||0.0||0.0||0.0||0.01||1.0||0.0||0.0||0.0||0.0||0.0||0.01||0.0||0.0
2018-12-07 21:30:00||85.93||86.51||85.64||86.46||4479.11658||87.94||84.27||86.10499999999999||0.04173299977257223||0.0||0.0||1.0||0.0||0.0||0.0||2.0||0.0||85.76||84.72||85.74933333333334||1.04296640722337||6.6820253679709465||6.787831606644942||空仓||0.03616346665476925||空仓||-8.484396076483686E-4||92.30502536797097||77.97893839335507||0.0||0.0||0.0||0.0||0.0||0.0||0.01||1.0||0.0||0.0||0.0||0.0||0.0||0.01||0.0||0.0
2018-12-07 21:45:00||86.47||86.63||86.0||86.24||4894.90819||87.94||84.27||86.10499999999999||0.04173299977257223||0.0||0.0||1.0||0.0||0.0||0.0||2.0||0.0||85.76||84.72||85.66566666666667||0.9511711434967673||6.650406823448243||6.742828986790191||空仓||0.03591794996211257||空仓||-2.455166926566832E-4||92.34440682344825||78.09423101320982||0.0||0.0||0.0||0.0||0.0||0.0||0.01||1.0||0.0||0.0||0.0||0.0||0.0||0.01||0.0||0.0
2018-12-07 22:00:00||86.22||87.5||86.22||87.09||9196.33037||87.94||84.27||86.10499999999999||0.04173299977257223||0.0||0.0||1.0||0.0||0.0||0.0||2.0||0.0||85.76||84.72||85.582||0.8645504074697993||6.598978084347838||6.687278603890405||空仓||0.034545888091925665||空仓||-0.0013720618701869025||92.41597808434784||78.2715513961096||0.0||0.0||0.0||0.0||0.0||0.0||0.01||1.0||0.0||0.0||0.0||0.0||0.0||0.01||0.0||0.0
2018-12-07 22:15:00||87.0||87.36||86.03||86.94||5787.292||87.25||84.27||85.75999999999999||0.03415472779369632||0.0||0.0||1.0||0.0||0.0||0.0||2.0||0.0||87.5||84.72||85.52733333333333||0.7799964173706898||6.5456692634475955||6.625087052966457||空仓||0.04159151281139945||挂空单||0.0070456247194737864||92.47766926344761||78.44759294703357||1.0||0.0||0.0||0.0||0.0||0.0||0.01||0.0||88.2799964173707||88.2799964173707||0.0||0.0||0.0||0.01||88.2799964173707||0.0
2018-12-07 22:30:00||86.94||87.7||86.91||87.64||7287.96565||87.25||84.27||85.75999999999999||0.03415472779369632||87.64||2.0||1.0||2.0||0.0||0.0||2.0||0.0||87.5||86.03||85.50933333333333||0.6985493077862757||6.489388191242582||6.556075370044422||空仓||0.040271695992742544||空仓||-0.0013198168186569076||92.6233881912426||78.71658462995558||0.0||0.0||0.0||0.0||0.0||0.0||0.01||1.0||0.0||0.0||0.0||0.0||0.0||0.01||0.0||0.0
2018-12-07 22:45:00||87.64||88.34||87.18||87.45||10384.67556||87.25||84.27||85.75999999999999||0.03415472779369632||87.45||3.0||1.0||1.0||0.0||0.0||2.0||0.0||87.5||86.03||85.51316666666668||0.6229896197237353||6.427069106826345||6.482876207484501||空仓||0.03965856731385569||空仓||-6.13128678886854E-4||92.77106910682636||78.99768379251552||0.0||0.0||0.0||0.0||0.0||0.0||0.01||1.0||0.0||0.0||0.0||0.0||0.0||0.01||0.0||0.0
2018-12-07 23:00:00||87.45||87.72||86.96||87.09||7138.57005||87.25||84.27||85.75999999999999||0.03415472779369632||0.0||2.0||1.0||-1.0||0.0||0.0||2.0||0.0||88.34||86.03||85.531||0.5548361329140087||6.367814782014254||6.411258706937578||空仓||0.039212326339681976||空仓||-4.4624097417371444E-4||92.88381478201424||79.23958129306243||0.0||0.0||0.0||0.0||0.0||0.0||0.01||1.0||0.0||0.0||0.0||0.0||0.0||0.01||0.0||0.0
2018-12-07 23:15:00||87.08||87.2||86.64||86.94||5332.57538||87.25||84.27||85.75999999999999||0.03415472779369632||0.0||1.0||1.0||-1.0||0.0||0.0||2.0||0.0||88.34||86.03||85.54883333333333||0.48741494725847523||6.304178710639974||6.336213830615483||空仓||0.03854134157170198||空仓||-6.709847679799985E-4||92.98817871063997||79.48094616938452||0.0||0.0||0.0||0.0||0.0||0.0||0.01||1.0||0.0||0.0||0.0||0.0||0.0||0.01||0.0||0.0
2018-12-07 23:30:00||86.94||87.55||86.0||86.54||7899.67966||87.64||84.27||85.955||0.03845276129621183||0.0||0.0||1.0||-1.0||0.0||0.0||2.0||0.0||88.34||86.03||85.56666666666666||0.4214751020947995||6.238213347610687||6.2593479890400054||空仓||0.03375408719379679||空仓||-0.004787254377905184||93.07221334761068||79.70631201096||0.0||0.0||0.0||0.0||0.0||0.0||0.01||1.0||0.0||0.0||0.0||0.0||0.0||0.01||0.0||0.0
2018-12-07 23:45:00||86.55||87.5||85.03||85.03||15153.0615||87.64||84.27||85.955||0.03845276129621183||0.0||0.0||1.0||0.0||0.0||0.0||2.0||0.0||87.55||86.03||85.57133333333333||0.3582426618332074||6.172903147653309||6.1945176266962845||空仓||0.034271105423472954||挂空单||5.170182296761611E-4||92.9149031476533||79.68006237330371||1.0||0.0||0.0||0.0||0.0||0.0||0.01||0.0||87.9082426618332||87.9082426618332||0.0||0.0||0.0||0.01||87.9082426618332||0.0
2018-12-08 00:00:00||85.05||85.99||84.87||84.91||9773.84399||87.64||84.27||85.955||0.03845276129621183||0.0||0.0||1.0||0.0||0.0||0.0||2.0||0.0||87.55||86.03||85.5825||0.29944333965775255||6.121425622570372||6.1528246684397105||空仓||0.03382524065297015||空仓||-4.458647705028046E-4||92.70842562257039||79.56830533156031||0.0||0.0||0.0||0.0||0.0||0.0||0.01||1.0||0.0||0.0||0.0||0.0||0.0||0.01||0.0||0.0
2018-12-08 00:15:00||84.91||84.96||83.02||83.69||22699.41344||87.64||84.27||85.955||0.03845276129621183||0.0||0.0||1.0||0.0||83.69||2.0||2.0||2.0||87.55||86.03||85.62483333333333||0.25015583910395184||6.091240540031777||6.128167962534221||空仓||0.03455123262520051||挂空单||7.259919722303609E-4||92.42324054003178||79.34051203746579||1.0||0.0||0.0||0.0||0.0||0.0||0.01||0.0||87.80015583910395||87.80015583910395||0.0||0.0||0.0||0.01||87.80015583910395||0.0
2018-12-08 00:30:00||83.69||83.89||82.83||83.88||14488.35475||87.64||84.27||85.955||0.03845276129621183||0.0||0.0||1.0||0.0||83.88||3.0||2.0||1.0||87.55||86.03||85.66716666666666||0.20572853413501743||6.07510125735488||6.110306054857938||空仓||0.03418319073176158||空仓||-3.6804189343893345E-4||92.08610125735487||79.04058394514206||0.0||0.0||0.0||0.0||0.0||0.0||0.01||1.0||0.0||0.0||0.0||0.0||0.0||0.01||0.0||0.0
2018-12-08 00:45:00||83.88||84.76||83.05||83.28||12046.86143||87.64||84.27||85.955||0.03845276129621183||0.0||0.0||1.0||0.0||83.28||4.0||2.0||1.0||87.55||82.83||85.65933333333334||0.16941410578845545||6.05594901104441||6.096698513630672||空仓||0.03450981990380667||空仓||3.2662917204509534E-4||91.70094901104441||78.69185148636934||1.0||0.0||0.0||0.0||0.0||0.0||0.01||1.0||0.0||0.0||0.0||0.0||0.0||0.01||0.0||0.0
2018-12-08 01:00:00||83.35||83.43||82.42||83.11||12840.43193||87.64||84.27||85.955||0.03845276129621183||0.0||0.0||1.0||0.0||83.11||5.0||2.0||1.0||84.76||82.83||85.60499999999999||0.14432595003369642||6.045814066285007||6.079389472516415||空仓||0.03449395714201114||空仓||-1.5862761795534808E-5||91.23781406628501||78.26069052748359||0.0||0.0||0.0||0.0||0.0||0.0||0.01||1.0||0.0||0.0||0.0||0.0||0.0||0.01||0.0||0.0
2018-12-08 01:15:00||83.11||83.58||82.45||82.92||7474.32189||87.64||83.69||85.66499999999999||0.045070743952533125||0.0||0.0||1.0||0.0||82.92||6.0||2.0||1.0||84.76||82.42||85.57466666666667||0.12427505182355474||6.030010965238485||6.050459831588791||空仓||0.027773387721533892||空仓||-0.006720569420477246||90.7690109652385||77.84115016841122||0.0||0.0||0.0||0.0||0.0||0.0||0.01||1.0||0.0||0.0||0.0||0.0||0.0||0.01||0.0||0.0
2018-12-08 01:30:00||82.84||84.64||82.07||83.9||14041.13951||87.64||83.69||85.66499999999999||0.045070743952533125||0.0||0.0||1.0||0.0||0.0||5.0||2.0||-1.0||84.76||82.42||85.53683333333333||0.11000077440804824||6.000054060797536||6.023205173346172||空仓||0.02658157567883581||空仓||-0.0011918120426980816||90.42005406079755||77.55259482665384||0.0||0.0||0.0||0.0||0.0||0.0||0.01||1.0||0.0||0.0||0.0||0.0||0.0||0.01||0.0||0.0
2018-12-08 01:45:00||83.9||85.0||83.7||84.43||11060.53121||87.64||83.28||85.46000000000001||0.04974897307165677||0.0||0.0||1.0||0.0||0.0||4.0||2.0||-1.0||84.76||82.07||85.49316666666667||0.10289632657674763||5.964075923196072||5.97875959740224||空仓||0.020977282528238474||空仓||-0.0056042931505973365||90.13307592319609||77.34855040259777||0.0||0.0||0.0||0.0||0.0||0.0||0.01||1.0||0.0||0.0||0.0||0.0||0.0||0.01||0.0||0.0
2018-12-08 02:00:00||84.43||85.62||84.33||84.97||10608.44716||87.64||83.11||85.375||0.051688726608854416||0.0||0.0||1.0||0.0||0.0||3.0||2.0||-1.0||84.76||82.07||85.452||0.10312770233310645||5.891449550672846||5.920723742571878||空仓||0.017819177905943298||空仓||-0.0031581046222951756||89.90344955067285||77.25115625742812||0.0||0.0||0.0||0.0||0.0||0.0||0.01||1.0||0.0||0.0||0.0||0.0||0.0||0.01||0.0||0.0
2018-12-08 02:15:00||84.97||85.0||83.91||84.1||6252.71479||87.64||82.92||85.28||0.05385668644454586||0.0||0.0||1.0||0.0||0.0||2.0||2.0||-1.0||85.62||82.07||85.426||0.10821037171461728||5.829970018204661||5.8560096253757115||空仓||0.015620005847846369||空仓||-0.0021991720580969293||89.74897001820467||77.2238003746243||0.0||0.0||0.0||0.0||0.0||0.0||0.01||1.0||0.0||0.0||0.0||0.0||0.0||0.01||0.0||0.0
2018-12-08 02:30:00||84.13||84.36||83.64||84.06||5669.69415||87.64||82.92||85.28||0.05385668644454586||0.0||0.0||1.0||0.0||0.0||1.0||2.0||-1.0||85.62||82.07||85.4||0.11471482549234589||5.7847042581571735||5.803878037408198||空仓||0.01507373406202904||空仓||-5.462717858173288E-4||89.61870425815718||77.19178196259182||0.0||0.0||0.0||0.0||0.0||0.0||0.01||1.0||0.0||0.0||0.0||0.0||0.0||0.01||0.0||0.0
2018-12-08 02:45:00||84.04||84.38||83.5||84.04||5376.70406||87.64||82.92||85.28||0.05385668644454586||0.0||0.0||1.0||0.0||0.0||0.0||2.0||-1.0||85.62||82.07||85.374||0.12237248739197064||5.740755020664349||5.747827189030475||空仓||0.014495182961063516||空仓||-5.785511009655242E-4||89.60975502066435||77.28248281096954||0.0||0.0||0.0||0.0||0.0||0.0||0.01||1.0||0.0||0.0||0.0||0.0||0.0||0.01||0.0||0.0
2018-12-08 03:00:00||84.04||91.8||84.03||90.36||31342.05334||87.64||82.92||85.28||0.05385668644454586||90.36||2.0||1.0||2.0||0.0||0.0||2.0||0.0||85.62||83.5||85.34700000000001||0.1296094629998357||5.669414229272829||5.7003582809164115||空仓||0.00905706139846675||空仓||-0.005438121562596765||90.18641422927284||77.97147171908361||0.0||0.0||0.0||0.0||0.0||0.0||0.01||1.0||0.0||0.0||0.0||0.0||0.0||0.01||0.0||0.0
2018-12-08 03:15:00||90.37||95.19||90.37||95.14||49990.64625||87.64||82.92||85.28||0.05385668644454586||95.14||3.0||1.0||1.0||0.0||0.0||2.0||0.0||85.62||83.5||85.32000000000001||0.13588909722010306||5.620626887691821||5.629921224777383||空仓||0.005269591211903603||空仓||-0.003787470186563148||91.32362688769183||79.21604877522263||0.0||0.0||0.0||0.0||0.0||0.0||0.01||1.0||0.0||0.0||0.0||0.0||0.0||0.01||0.0||0.0
2018-12-08 03:30:00||95.14||96.0||93.37||94.28||24018.44658||87.64||82.92||85.28||0.05385668644454586||94.28||4.0||1.0||1.0||0.0||0.0||2.0||0.0||85.62||83.5||85.293||0.14206150341845478||5.5800540041361275||5.582421283632683||空仓||0.005341846053167391||空仓||7.225484126378856E-5||92.40005400413614||80.36937871636732||1.0||0.0||0.0||0.0||0.0||0.0||0.01||0.0||85.76206150341847||0.0||0.0||0.0||0.0||0.01||85.76206150341847||0.0
2018-12-08 03:45:00||94.29||96.9||93.6||96.65||18325.6458||87.64||82.92||85.28||0.05385668644454586||96.65||5.0||1.0||1.0||0.0||0.0||2.0||0.0||85.62||83.5||85.25683333333333||0.14788755619867341||5.558894633991613||5.542185640491435||空仓||0.0035725958859406798||空仓||-0.0017692501672267116||93.75189463399163||81.76888435950858||0.0||0.0||0.0||0.0||0.0||0.0||0.01||1.0||0.0||0.0||0.0||0.0||0.0||0.01||0.0||0.0
2018-12-08 04:00:00||96.68||96.9||93.97||94.33||22708.03278||90.36||82.92||86.64||0.08233731739707832||94.33||6.0||2.0||1.0||0.0||0.0||0.0||0.0||85.62||83.5||85.23400000000001||0.15283666113608976||5.538492422340663||5.502788740408688||挂多单||-0.023812557709018585||空仓||-0.027385153594959265||94.77449242234069||82.84085125959132||0.0||83.19432667772782||83.19432667772782||0.0||0.0||0.0||0.01||0.0||0.0||0.0||0.0||0.0||0.0||0.01||0.0||83.19432667772782
2018-12-08 04:15:00||94.34||95.07||94.21||94.79||10567.25866||95.14||82.92||89.03||0.12844229556443135||0.0||5.0||2.0||-1.0||0.0||0.0||0.0||0.0||85.62||83.5||85.21116666666667||0.15645385246196608||5.48253184716533||5.460263819669535||挂多单||-0.07072103980520114||空仓||-0.046908482096182556||95.75453184716535||83.90901618033047||0.0||83.18709229507607||83.18709229507607||0.0||0.0||0.0||0.01||0.0||0.0||0.0||0.0||0.0||0.0||0.01||0.0||83.18709229507607
2018-12-08 04:30:00||94.79||94.98||91.76||91.97||20422.61036||95.14||82.92||89.03||0.12844229556443135||0.0||4.0||2.0||-1.0||0.0||0.0||0.0||0.0||85.62||83.5||85.19216666666667||0.15851098009596246||5.434546944980685||5.415528611322814||挂多单||-0.06945525872468197||空仓||0.0012657810805191683||96.40654694498069||84.6467513886772||0.0||83.18297803980808||83.18297803980808||0.0||0.0||0.0||0.01||0.0||0.0||0.0||0.0||0.0||0.0||0.01||0.0||83.18297803980808
2018-12-08 04:45:00||91.93||92.7||90.54||91.35||14292.73481||96.65||82.92||89.785||0.14205897568546305||0.0||3.0||2.0||-1.0||0.0||0.0||0.0||0.0||85.62||83.5||85.1695||0.15880585681781972||5.363927077941962||5.367093666573215||挂多单||-0.08332322995741062||空仓||-0.013867971232728649||97.06092707794197||85.4129363334268||0.0||83.18238828636436||83.18238828636436||0.0||0.0||0.0||0.01||0.0||0.0||0.0||0.0||0.0||0.0||0.01||0.0||83.18238828636436
2018-12-08 05:00:00||91.35||91.69||90.32||91.07||10870.22064||96.65||82.92||89.785||0.14205897568546305||0.0||2.0||2.0||-1.0||0.0||0.0||0.0||0.0||85.62||83.5||85.14683333333333||0.16071353666836538||5.2883317564338235||5.30577059932495||挂多单||-0.08389436409131143||空仓||-5.71134133900808E-4||97.68633175643382||86.16824940067505||0.0||83.17857292666326||83.17857292666326||0.0||0.0||0.0||0.01||0.0||0.0||0.0||0.0||0.0||0.0||0.01||0.0||83.17857292666326
2018-12-08 05:15:00||91.04||91.94||90.75||91.43||7634.02912||96.65||82.92||89.785||0.14205897568546305||0.0||1.0||2.0||-1.0||0.0||0.0||0.0||0.0||85.62||90.32||85.23783333333333||0.16014620445319877||5.232409375340243||5.251736134838839||挂多单||-0.08472470077471668||空仓||-8.3033668340525E-4||98.36940937534024||86.95389386516118||0.0||89.9997075910936||89.9997075910936||0.0||0.0||0.0||0.01||0.0||0.0||0.0||0.0||0.0||0.0||0.01||0.0||89.9997075910936
2018-12-08 05:30:00||91.43||93.7||91.2||93.6||8058.30632||96.65||82.92||89.785||0.14205897568546305||0.0||0.0||2.0||-1.0||0.0||0.0||0.0||0.0||85.62||90.32||85.32883333333334||0.15898711322348164||5.183920182582268||5.194385017909794||挂多单||-0.08661931115291999||空仓||-0.001894610378203307||98.64492018258228||87.3320049820902||0.0||90.00202577355303||90.00202577355303||0.0||0.0||0.0||0.01||0.0||0.0||0.0||0.0||0.0||0.0||0.01||0.0||90.00202577355303
2018-12-08 05:45:00||93.59||93.7||92.5||93.5||7119.13545||96.65||82.92||89.785||0.14205897568546305||0.0||0.0||2.0||0.0||0.0||0.0||0.0||0.0||85.62||90.32||85.39083333333333||0.15805633776210423||5.1179922034600525||5.132903087984835||挂多单||-0.08724135380607863||空仓||-6.220426531586415E-4||98.41499220346005||87.23112691201517||0.0||90.00388732447578||90.00388732447578||0.0||0.0||0.0||0.01||0.0||0.0||0.0||0.0||0.0||0.0||0.01||0.0||90.00388732447578
2018-12-08 06:00:00||93.58||93.7||91.81||91.98||5293.20284||96.65||82.92||89.785||0.14205897568546305||0.0||0.0||2.0||0.0||0.0||0.0||0.0||0.0||85.62||90.32||85.43100000000001||0.15726805185446655||5.071451639983831||5.074831795449071||挂多单||-0.086904140746167||空仓||3.372130599116341E-4||98.13845163998384||87.06149820455092||0.0||90.00546389629106||90.00546389629106||0.0||0.0||0.0||0.01||0.0||0.0||0.0||0.0||0.0||0.0||0.01||0.0||90.00546389629106
2018-12-08 06:15:00||92.03||93.47||91.21||93.46||6761.27497||96.65||82.92||89.785||0.14205897568546305||0.0||0.0||2.0||0.0||0.0||0.0||0.0||0.0||85.62||90.32||85.47116666666668||0.15662194366546284||5.01791140275896||5.0096362597679756||挂多单||-0.08841277590733906||空仓||-0.00150863516117207||97.76591140275897||86.81088374023204||0.0||90.00675611266907||90.00675611266907||0.0||0.0||0.0||0.01||0.0||0.0||0.0||0.0||0.0||0.0||0.01||0.0||90.00675611266907
2018-12-08 06:30:00||93.46||93.5||92.02||93.22||4336.19664||96.65||82.92||89.785||0.14205897568546305||0.0||0.0||2.0||0.0||0.0||0.0||0.0||0.0||85.62||91.21||85.51216666666667||0.15620488886470804||4.965500067905523||4.95135833936122||挂多单||-0.08886835989879312||空仓||-4.5558399145405326E-4||97.60250006790552||86.75927166063879||0.0||90.89759022227058||90.89759022227058||0.0||0.0||0.0||0.01||0.0||0.0||0.0||0.0||0.0||0.0||0.01||0.0||90.89759022227058
2018-12-08 06:45:00||93.21||93.83||92.99||93.74||4565.38966||96.65||82.92||89.785||0.14205897568546305||0.0||0.0||2.0||0.0||0.0||0.0||0.0||0.0||85.62||91.21||85.55316666666667||0.15632929803874543||4.916044388527426||4.909582680925165||挂多单||-0.08965004102868585||空仓||-7.816811298927279E-4||97.44804438852744||86.69709731907484||0.0||90.8973414039225||90.8973414039225||0.0||0.0||0.0||0.01||0.0||0.0||0.0||0.0||0.0||0.0||0.01||0.0||90.8973414039225
2018-12-08 07:00:00||93.71||94.34||92.6||92.7||10060.48873||96.65||82.92||89.785||0.14205897568546305||0.0||0.0||2.0||0.0||0.0||0.0||0.0||0.0||85.62||91.21||85.59416666666667||0.15729076687723015||4.877102250162836||4.8718645738331325||挂多单||-0.0894755516078149||空仓||1.744894208709491E-4||97.48210225016282||86.80708542616685||0.0||90.89541846624553||90.89541846624553||0.0||0.0||0.0||0.01||0.0||0.0||0.0||0.0||0.0||0.0||0.01||0.0||90.89541846624553
2018-12-08 07:15:00||92.7||93.19||91.96||92.28||6875.45808||96.65||82.92||89.785||0.14205897568546305||0.0||0.0||2.0||0.0||0.0||0.0||0.0||0.0||94.34||91.21||85.79366666666667||0.16935078697346198||4.841325463227644||4.83315756755655||挂多单||-0.08963980018273118||空仓||-1.6424857491628697E-4||97.53932546322766||86.93786243244345||0.0||90.87129842605307||90.87129842605307||0.0||0.0||0.0||0.01||0.0||0.0||0.0||0.0||0.0||0.0||0.01||0.0||90.87129842605307
2018-12-08 07:30:00||92.27||92.74||91.62||92.57||6016.23671||96.65||82.92||89.785||0.14205897568546305||0.0||0.0||2.0||0.0||0.0||0.0||0.0||0.0||94.34||91.21||85.99316666666667||0.19657141834350733||4.801428603931902||4.7868481052685565||挂多单||-0.09026964485905892||空仓||-6.298446763277343E-4||97.6494286039319||87.13267189473144||0.0||90.81685716331297||90.81685716331297||0.0||0.0||0.0||0.01||0.0||0.0||0.0||0.0||0.0||0.0||0.01||0.0||90.81685716331297
2018-12-08 07:45:00||92.56||93.46||92.2||93.05||4708.5655||96.65||82.92||89.785||0.14205897568546305||0.0||0.0||2.0||0.0||0.0||0.0||0.0||0.0||94.34||91.62||86.1995||0.23844390202417765||4.7605668400575425||4.742228361428071||挂多单||-0.09099613204502449||空仓||-7.264871859655742E-4||97.77056684005754||87.33767163857193||0.0||91.14311219595164||91.14311219595164||0.0||0.0||0.0||0.01||0.0||0.0||0.0||0.0||0.0||0.0||0.01||0.0||91.14311219595164
2018-12-08 08:00:00||93.06||95.1||92.96||94.75||8090.016||96.65||82.92||89.785||0.14205897568546305||0.0||0.0||2.0||0.0||0.0||0.0||0.0||0.0||94.34||91.62||86.40583333333333||0.2923828700323904||4.736219354560113||4.701920791724662||挂多单||-0.09225348678686265||空仓||-0.0012573547418381625||97.86121935456012||87.49182920827533||0.0||91.03523425993522||91.03523425993522||0.0||0.0||0.0||0.01||0.0||0.0||0.0||0.0||0.0||0.0||0.01||0.0||91.03523425993522
2018-12-08 08:15:00||94.77||96.5||94.35||94.69||10147.2583||96.65||82.92||89.785||0.14205897568546305||0.0||0.0||2.0||0.0||0.0||0.0||0.0||0.0||94.34||91.62||86.66550000000001||0.3622269731489202||4.7301471187169115||4.681079910838166||挂多单||-0.09236403942210325||空仓||-1.1055263524059611E-4||97.97414711871691||87.63048008916185||0.0||90.89554605370216||90.89554605370216||0.0||0.0||0.0||0.01||0.0||0.0||0.0||0.0||0.0||0.0||0.01||0.0||90.89554605370216
2018-12-08 08:30:00||94.66||96.16||94.47||96.11||7856.16765||96.65||82.92||89.785||0.14205897568546305||0.0||0.0||2.0||0.0||0.0||0.0||0.0||0.0||96.5||91.62||87.00766666666667||0.4527519711518267||4.728538243640272||4.671074768058795||挂多单||-0.09315868949412465||空仓||-7.946500720213967E-4||98.38553824364027||88.04935523194119||0.0||90.71449605769635||90.71449605769635||0.0||0.0||0.0||0.01||0.0||0.0||0.0||0.0||0.0||0.0||0.01||0.0||90.71449605769635
2018-12-08 08:45:00||96.11||98.0||95.5||97.83||19979.64936||96.65||82.92||89.785||0.14205897568546305||97.83||2.0||2.0||2.0||0.0||0.0||0.0||0.0||96.5||91.62||87.35666666666665||0.5583641524061226||4.745655597683076||4.663154220365564||挂多单||-0.0939714267840594||空仓||-8.127372899347507E-4||98.83965559768308||88.48990577963443||0.0||90.50327169518776||90.50327169518776||0.0||0.0||0.0||0.01||0.0||0.0||0.0||0.0||0.0||0.0||0.01||0.0||90.50327169518776
2018-12-08 09:00:00||97.81||97.9||96.04||96.61||9627.1251||96.65||82.92||89.785||0.14205897568546305||0.0||1.0||2.0||-1.0||0.0||0.0||0.0||0.0||98.0||91.62||87.73066666666666||0.6772303477883391||4.754492517255513||4.660483077322093||挂多单||-0.09333226212280077||空仓||6.391646612586288E-4||99.1874925172555||88.82818692267789||0.0||90.26553930442333||90.26553930442333||0.0||0.0||0.0||0.01||0.0||0.0||0.0||0.0||0.0||0.0||0.01||0.0||90.26553930442333
2018-12-08 09:15:00||96.64||96.66||95.09||95.28||8198.75528||96.65||82.92||89.785||0.14205897568546305||0.0||0.0||1.0||-1.0||0.0||0.0||0.0||0.0||98.0||91.62||88.1105||0.8060579023383444||4.747527615441934||4.638313224958954||空仓||-0.09280498303012674||空仓||5.272790926740267E-4||99.33452761544196||89.00281677504105||0.0||0.0||0.0||0.0||0.0||0.0||0.01||0.0||0.0||0.0||0.0||0.0||0.0||0.01||0.0||0.0
2018-12-08 09:30:00||95.3||95.68||95.2||95.46||5224.39209||96.65||82.92||89.785||0.14205897568546305||0.0||0.0||1.0||0.0||0.0||0.0||0.0||0.0||98.0||95.09||88.54816666666667||0.9475102061743694||4.712356339338905||4.6125354947659964||空仓||-0.09321709513808771||空仓||-4.1211210796096576E-4||99.57535633933891||89.30183450523401||0.0||0.0||0.0||0.0||0.0||0.0||0.01||0.0||0.0||0.0||0.0||0.0||0.0||0.01||0.0||0.0
2018-12-08 09:45:00||95.47||95.51||94.56||95.38||5560.84744||97.83||83.9||90.86500000000001||0.14238985996115702||0.0||0.0||1.0||0.0||0.0||0.0||0.0||0.0||98.0||95.09||88.97149999999999||1.0969641965730763||4.678097957204281||4.572597769008647||空仓||-0.09389596330455749||空仓||-6.788681664697815E-4||99.85109795720429||89.64867223099135||0.0||0.0||0.0||0.0||0.0||0.0||0.01||0.0||0.0||0.0||0.0||0.0||0.0||0.01||0.0||0.0
2018-12-08 10:00:00||95.38||95.84||94.53||94.61||6524.16459||97.83||84.04||90.935||0.14095880609220068||0.0||0.0||1.0||0.0||0.0||0.0||0.0||0.0||98.0||95.09||89.39483333333334||1.2520861419123026||4.64750026481813||4.536504259488636||空仓||-0.09242268663174849||空仓||0.0014732766728089985||100.02450026481813||89.88672574051137||0.0||0.0||0.0||0.0||0.0||0.0||0.01||0.0||0.0||0.0||0.0||0.0||0.0||0.01||0.0||0.0
2018-12-08 10:15:00||94.61||94.99||94.42||94.64||7555.71831||97.83||84.04||90.935||0.14095880609220068||0.0||0.0||1.0||0.0||0.0||0.0||0.0||0.0||95.84||95.09||89.78216666666665||1.4078917408406075||4.613637966628379||4.499562816454026||空仓||-0.09281214092376025||空仓||-3.894542920117594E-4||100.14963796662838||90.08107718354597||0.0||0.0||0.0||0.0||0.0||0.0||0.01||0.0||0.0||0.0||0.0||0.0||0.0||0.01||0.0||0.0
2018-12-08 10:30:00||94.64||94.75||93.88||94.33||6361.7823||97.83||84.04||90.935||0.14095880609220068||0.0||0.0||1.0||0.0||0.0||0.0||0.0||0.0||95.84||95.09||90.14566666666667||1.5614771303199182||4.578592936406439||4.453807724778845||空仓||-0.09308219917401302||空仓||-2.7005825025276653E-4||100.07259293640644||90.08525227522117||0.0||0.0||0.0||0.0||0.0||0.0||0.01||0.0||0.0||0.0||0.0||0.0||0.0||0.01||0.0||0.0
2018-12-08 10:45:00||94.31||94.95||93.65||94.66||6009.5516||97.83||84.04||90.935||0.14095880609220068||0.0||0.0||1.0||0.0||0.0||0.0||0.0||0.0||95.84||95.09||90.50916666666667||1.7123123891042618||4.543426081738767||4.4007617624265745||空仓||-0.09371505031275137||空仓||-6.328511387383579E-4||100.03442608173879||90.13532823757343||0.0||0.0||0.0||0.0||0.0||0.0||0.01||0.0||0.0||0.0||0.0||0.0||0.0||0.01||0.0||0.0
2018-12-08 11:00:00||94.67||96.18||94.36||95.1||6760.57823||97.83||84.04||90.935||0.14095880609220068||0.0||0.0||1.0||0.0||0.0||0.0||0.0||0.0||95.84||93.65||90.84866666666667||1.8579411614437555||4.515248170745144||4.358410934658425||空仓||-0.094304446968102||空仓||-5.893966553506269E-4||99.90524817074514||90.07768906534159||0.0||0.0||0.0||0.0||0.0||0.0||0.01||0.0||0.0||0.0||0.0||0.0||0.0||0.01||0.0||0.0
2018-12-08 11:15:00||95.12||95.71||94.58||94.74||6564.81395||97.83||90.36||94.095||0.0763569457221711||0.0||0.0||1.0||0.0||0.0||0.0||0.0||0.0||96.18||93.65||91.19383333333333||1.9980982486131929||4.487223841989972||4.314088761457823||空仓||-0.029907121975877055||空仓||0.06439732499222495||99.56822384198996||89.81610123854217||0.0||0.0||0.0||0.0||0.0||0.0||0.01||0.0||0.0||0.0||0.0||0.0||0.0||0.01||0.0||0.0
2018-12-08 11:30:00||94.8||95.31||94.7||95.03||6092.36057||97.83||91.07||94.44999999999999||0.06909945824389252||0.0||0.0||1.0||0.0||0.0||0.0||0.0||0.0||96.18||93.65||91.539||2.132535503650408||4.454329247778957||4.269601060320005||空仓||-0.023198530599469913||空仓||0.006708591376407141||99.37732924777896||89.70416893968||0.0||0.0||0.0||0.0||0.0||0.0||0.01||0.0||0.0||0.0||0.0||0.0||0.0||0.01||0.0||0.0
2018-12-08 11:45:00||95.03||95.19||94.5||94.67||4091.16781||97.83||91.07||94.44999999999999||0.06909945824389252||0.0||0.0||1.0||0.0||0.0||0.0||0.0||0.0||96.18||93.65||91.88416666666667||2.2605436274424964||4.422433516434466||4.238692810725669||空仓||-0.02335568340941415||空仓||-1.5715280994423736E-4||99.28443351643446||89.67468718927432||0.0||0.0||0.0||0.0||0.0||0.0||0.01||0.0||0.0||0.0||0.0||0.0||0.0||0.01||0.0||0.0
2018-12-08 12:00:00||94.69||94.7||94.04||94.15||4280.08807||97.83||91.07||94.44999999999999||0.06909945824389252||0.0||0.0||1.0||0.0||0.0||0.0||0.0||0.0||96.18||93.65||92.22933333333333||2.3814590124009793||4.397635457725847||4.205653974132924||空仓||-0.02341018882350606||空仓||-5.45054140919099E-5||99.12863545772584||89.57803602586706||0.0||0.0||0.0||0.0||0.0||0.0||0.01||0.0||0.0||0.0||0.0||0.0||0.0||0.01||0.0||0.0
2018-12-08 12:15:00||94.14||95.3||94.02||94.51||5965.62314||97.83||91.07||94.44999999999999||0.06909945824389252||0.0||0.0||1.0||0.0||0.0||0.0||0.0||0.0||96.18||93.65||92.5745||2.4942733424131864||4.381136340066594||4.186700311199539||空仓||-0.02377178576867226||空仓||-3.61596945166201E-4||99.0251363400666||89.51085968880047||0.0||0.0||0.0||0.0||0.0||0.0||0.01||0.0||0.0||0.0||0.0||0.0||0.0||0.01||0.0||0.0
2018-12-08 12:30:00||94.52||94.68||93.5||93.76||4773.06553||97.83||91.07||94.44999999999999||0.06909945824389252||0.0||0.0||1.0||0.0||0.0||0.0||0.0||0.0||95.3||93.65||92.905||2.5970794384912392||4.370519839729341||4.179777727193097||空仓||-0.023502734870799312||空仓||2.6905089787294945E-4||98.92951983972934||89.4336322728069||0.0||0.0||0.0||0.0||0.0||0.0||0.01||0.0||0.0||0.0||0.0||0.0||0.0||0.01||0.0||0.0
2018-12-08 12:45:00||93.72||94.22||92.72||92.94||5692.47574||97.83||91.07||94.44999999999999||0.06909945824389252||0.0||0.0||1.0||0.0||0.0||0.0||0.0||0.0||95.3||93.65||93.12183333333334||2.686758484617022||4.362457984194868||4.165119210684813||空仓||-0.02322267109691769||空仓||2.800637738816225E-4||98.75145798419486||89.27999078931519||0.0||0.0||0.0||0.0||0.0||0.0||0.01||0.0||0.0||0.0||0.0||0.0||0.0||0.01||0.0||0.0
2018-12-08 13:00:00||92.97||93.35||92.41||92.84||7000.8655||97.83||91.07||94.44999999999999||0.06909945824389252||0.0||0.0||1.0||0.0||0.0||0.0||0.0||0.0||95.3||93.65||93.33866666666667||2.763833878200698||4.3402865922748965||4.147038225458909||空仓||-0.023390039794227477||空仓||-1.6736869730978737E-4||98.5802865922749||89.15056177454107||0.0||0.0||0.0||0.0||0.0||0.0||0.01||0.0||0.0||0.0||0.0||0.0||0.0||0.01||0.0||0.0
2018-12-08 13:15:00||92.85||93.69||92.81||93.18||6713.29735||97.83||91.07||94.44999999999999||0.06909945824389252||0.0||0.0||1.0||0.0||0.0||0.0||0.0||0.0||95.3||92.41||93.53483333333332||2.826164668434914||4.3337422905494005||4.136665513263968||空仓||-0.023647602675029196||空仓||-2.5756288080171913E-4||98.42574229054941||89.01441448673604||0.0||0.0||0.0||0.0||0.0||0.0||0.01||0.0||0.0||0.0||0.0||0.0||0.0||0.01||0.0||0.0
2018-12-08 13:30:00||93.18||93.45||91.79||92.15||10069.15249||97.83||91.43||94.63||0.06541960543800461||0.0||0.0||1.0||0.0||0.0||0.0||0.0||0.0||93.69||92.41||93.70416666666667||2.8713779395126293||4.329136114260941||4.137495398458941||空仓||-0.019480204934912468||空仓||0.004167397740116728||98.12613611426094||88.72153460154107||0.0||0.0||0.0||0.0||0.0||0.0||0.01||0.0||0.0||0.0||0.0||0.0||0.0||0.01||0.0||0.0
2018-12-08 13:45:00||92.13||92.74||91.85||92.2||6210.97405||97.83||91.98||94.905||0.059797608095676115||0.0||0.0||1.0||0.0||0.0||0.0||0.0||0.0||93.69||91.79||93.86316666666667||2.8987926562375863||4.331939732814792||4.147526345897753||空仓||-0.013813518731725226||空仓||0.005666686203187242||97.8749397328148||88.46004365410225||0.0||0.0||0.0||0.0||0.0||0.0||0.01||0.0||0.0||0.0||0.0||0.0||0.0||0.01||0.0||0.0
2018-12-08 14:00:00||92.22||92.71||91.41||91.45||12491.86559||97.83||91.98||94.905||0.059797608095676115||0.0||0.0||1.0||0.0||91.45||2.0||0.0||2.0||93.69||91.79||94.00733333333335||2.9073144848291395||4.317608347422991||4.154725060594462||空仓||-0.013475391540085896||空仓||3.3812719163932997E-4||97.50260834742299||88.09842493940555||0.0||0.0||0.0||0.0||0.0||0.0||0.01||0.0||0.0||0.0||0.0||0.0||0.0||0.01||0.0||0.0
2018-12-08 14:15:00||91.44||92.0||91.04||91.88||7685.07053||97.83||91.98||94.905||0.059797608095676115||0.0||0.0||1.0||0.0||91.88||3.0||0.0||1.0||93.69||91.79||94.1515||2.8962942545556225||4.318596134976135||4.1565039952085785||空仓||-0.013677124148219026||空仓||-2.0173260813313026E-4||97.22459613497614||87.82043600479143||0.0||0.0||0.0||0.0||0.0||0.0||0.01||1.0||0.0||0.0||0.0||0.0||0.0||0.01||0.0||0.0
2018-12-08 14:30:00||91.87||92.0||91.31||91.34||10669.01863||97.83||92.15||94.99000000000001||0.0580598998262291||0.0||0.0||1.0||0.0||91.34||4.0||0.0||1.0||93.69||91.04||94.28316666666666||2.8640825136485217||4.321548495685341||4.1643026088995265||空仓||-0.01160790122438507||空仓||0.0020692229238339563||96.94654849568533||87.53444739110047||0.0||0.0||0.0||0.0||0.0||0.0||0.01||1.0||0.0||0.0||0.0||0.0||0.0||0.01||0.0||0.0
2018-12-08 14:45:00||91.33||92.08||91.28||91.69||6429.62718||97.83||92.15||94.99000000000001||0.0580598998262291||0.0||0.0||1.0||0.0||91.69||5.0||0.0||1.0||93.69||91.04||94.2695||2.8123045614286593||4.3277996427629555||4.173854565359592||空仓||-0.01169904145496424||空仓||-9.114023057917031E-5||96.67079964276296||87.24571543464042||0.0||0.0||0.0||0.0||0.0||0.0||0.01||1.0||0.0||0.0||0.0||0.0||0.0||0.01||0.0||0.0
2018-12-08 15:00:00||91.66||92.28||91.59||92.07||4647.30873||97.83||91.45||94.64||0.06521516917101089||0.0||0.0||1.0||0.0||0.0||4.0||2.0||-1.0||93.69||91.28||94.25983333333333||2.741792477263375||4.335086283020499||4.185106191906605||空仓||-0.018944980863597485||空仓||-0.007245939408633245||96.50908628302051||87.06715380809341||0.0||0.0||0.0||0.0||0.0||0.0||0.01||1.0||0.0||0.0||0.0||0.0||0.0||0.01||0.0||0.0
2018-12-08 15:15:00||92.07||92.59||92.06||92.31||3715.31874||97.83||91.45||94.64||0.06521516917101089||0.0||0.0||1.0||0.0||0.0||3.0||2.0||-1.0||93.69||91.28||94.24333333333334||2.6529611871101513||4.342750628139646||4.196776620884442||空仓||-0.01896055293753625||空仓||-1.5572073938763253E-5||96.45375062813964||86.99311337911556||0.0||0.0||0.0||0.0||0.0||0.0||0.01||1.0||0.0||0.0||0.0||0.0||0.0||0.01||0.0||0.0
2018-12-08 15:30:00||92.29||92.31||91.83||91.93||3549.51062||97.83||91.34||94.58500000000001||0.0663395686394766||0.0||0.0||1.0||0.0||0.0||2.0||2.0||-1.0||92.59||91.28||94.2085||2.5450679163093226||4.347522811192316||4.206264232726971||空仓||-0.019816197357418047||空仓||-8.556444198817986E-4||96.36752281119233||86.89353576727305||0.0||0.0||0.0||0.0||0.0||0.0||0.01||1.0||0.0||0.0||0.0||0.0||0.0||0.01||0.0||0.0
2018-12-08 15:45:00||91.93||91.93||91.44||91.73||3501.02044||97.83||91.34||94.58500000000001||0.0663395686394766||0.0||0.0||1.0||0.0||0.0||1.0||2.0||-1.0||92.59||91.28||94.17366666666666||2.421524792103924||4.350376753703025||4.213494420441593||空仓||-0.019659795532834173||空仓||1.5640182458387386E-4||96.22537675370303||86.74275557955842||0.0||0.0||0.0||0.0||0.0||0.0||0.01||1.0||0.0||0.0||0.0||0.0||0.0||0.01||0.0||0.0
2018-12-08 16:00:00||91.73||91.77||90.87||91.13||4942.9921||97.83||91.34||94.58500000000001||0.0663395686394766||0.0||0.0||1.0||0.0||91.13||2.0||2.0||1.0||92.59||91.28||94.10283333333334||2.2871892396929714||4.353485454465294||4.2189505744414495||空仓||-0.01930546335632756||空仓||3.5433217650661375E-4||96.1264854544653||86.63631942555855||0.0||0.0||0.0||0.0||0.0||0.0||0.01||1.0||0.0||0.0||0.0||0.0||0.0||0.01||0.0||0.0
2018-12-08 16:15:00||91.14||91.2||89.5||89.77||9266.35018||97.83||91.34||94.58500000000001||0.0663395686394766||0.0||0.0||1.0||0.0||89.77||3.0||2.0||1.0||92.59||91.28||94.03200000000001||2.143475473089355||4.3505121885268885||4.216161751636953||空仓||-0.018624998403518916||空仓||6.804649528086432E-4||95.8805121885269||86.39853824836305||0.0||0.0||0.0||0.0||0.0||0.0||0.01||1.0||0.0||0.0||0.0||0.0||0.0||0.01||0.0||0.0
2018-12-08 16:30:00||89.82||90.48||89.5||90.14||9592.28146||97.83||91.34||94.58500000000001||0.0663395686394766||0.0||0.0||1.0||0.0||90.14||4.0||2.0||1.0||92.59||91.28||93.93616666666667||1.9925368515030533||4.343192670954261||4.208979167239023||空仓||-0.018901295740689793||空仓||-2.762973371708763E-4||95.74219267095427||86.276030832761||0.0||0.0||0.0||0.0||0.0||0.0||0.01||1.0||0.0||0.0||0.0||0.0||0.0||0.01||0.0||0.0
2018-12-08 16:45:00||90.1||90.43||89.19||89.38||6337.52252||97.83||91.34||94.58500000000001||0.0663395686394766||0.0||0.0||1.0||0.0||89.38||5.0||2.0||1.0||92.59||91.28||93.84033333333333||1.8361041785709689||4.329342136322023||4.188252671601426||空仓||-0.0186913542295222||空仓||2.0994151116759258E-4||95.47834213632203||86.04925732839858||0.0||0.0||0.0||0.0||0.0||0.0||0.01||1.0||0.0||0.0||0.0||0.0||0.0||0.01||0.0||0.0
2018-12-08 17:00:00||89.37||89.49||88.4||88.63||7964.74185||97.83||91.13||94.47999999999999||0.0684861494429112||0.0||0.0||1.0||0.0||88.63||6.0||2.0||1.0||92.59||91.28||93.68666666666667||1.6793732535611323||4.304170961761073||4.158598960602722||空仓||-0.020744019676670687||空仓||-0.002052665447148487||95.18217096176107||85.81062103939729||0.0||0.0||0.0||0.0||0.0||0.0||0.01||1.0||0.0||0.0||0.0||0.0||0.0||0.01||0.0||0.0
2018-12-08 17:15:00||88.66||89.29||88.06||89.08||7121.8953||96.61||89.77||93.19||0.07080012421074426||0.0||0.0||1.0||0.0||89.08||7.0||2.0||1.0||92.59||91.28||93.533||1.52405343180444||4.2709570288843945||4.124498637726171||空仓||-0.023677000801389937||空仓||-0.00293298112471925||94.88795702888439||85.58633136227382||0.0||0.0||0.0||0.0||0.0||0.0||0.01||1.0||0.0||0.0||0.0||0.0||0.0||0.01||0.0||0.0
2018-12-08 17:30:00||89.08||89.11||88.5||88.87||3317.11957||95.46||89.77||92.615||0.05960611774565261||0.0||0.0||1.0||0.0||88.87||8.0||2.0||1.0||92.59||88.06||93.32566666666666||1.372910206224371||4.254673077593493||4.099611308179259||空仓||-0.012603279972654119||空仓||0.011073720828735818||94.55167307759349||85.29441869182074||0.0||0.0||0.0||0.0||0.0||0.0||0.01||1.0||0.0||0.0||0.0||0.0||0.0||0.01||0.0||0.0
2018-12-08 17:45:00||88.87||89.6||88.3||89.29||4934.22226||95.46||89.38||92.41999999999999||0.06369159857531949||0.0||0.0||1.0||0.0||89.29||9.0||2.0||1.0||92.59||88.06||93.15433333333334||1.2272188158591444||4.241355931781254||4.0850798405810345||空仓||-0.017065796288600443||空仓||-0.004462516315946324||94.23635593178126||85.00997015941898||0.0||0.0||0.0||0.0||0.0||0.0||0.01||1.0||0.0||0.0||0.0||0.0||0.0||0.01||0.0||0.0
2018-12-08 18:00:00||89.3||90.81||89.21||90.65||8902.31182||95.38||88.63||92.005||0.07076955336548543||0.0||0.0||1.0||0.0||0.0||8.0||2.0||-1.0||92.59||88.3||92.98700000000001||1.0889483755107296||4.22107059580741||4.068455529086789||空仓||-0.02504684997390133||空仓||-0.007981053685300887||94.0880705958074||84.8998744709132||0.0||0.0||0.0||0.0||0.0||0.0||0.01||1.0||0.0||0.0||0.0||0.0||0.0||0.01||0.0||0.0
2018-12-08 18:15:00||90.66||90.99||90.2||90.43||6833.87585||95.1||88.63||91.865||0.06803364879074658||0.0||0.0||1.0||0.0||0.0||7.0||2.0||-1.0||92.59||88.3||92.81966666666668||0.9629799846466898||4.204091924252256||4.052686987756185||空仓||-0.022380774125212798||空仓||0.002666075848688533||93.94109192425225||84.78694301224381||0.0||0.0||0.0||0.0||0.0||0.0||0.01||1.0||0.0||0.0||0.0||0.0||0.0||0.01||0.0||0.0
2018-12-08 18:30:00||90.43||90.62||89.23||89.46||5453.78193||95.1||88.63||91.865||0.06803364879074658||0.0||0.0||1.0||0.0||0.0||6.0||2.0||-1.0||90.99||88.3||92.64966666666666||0.8531505761701226||4.187024634166231||4.038404848264646||空仓||-0.02206098233405713||空仓||3.197917911556686E-4||93.75702463416626||84.63589515173537||0.0||0.0||0.0||0.0||0.0||0.0||0.01||1.0||0.0||0.0||0.0||0.0||0.0||0.01||0.0||0.0
2018-12-08 18:45:00||89.46||89.9||88.61||89.08||6488.54731||95.1||88.63||91.865||0.06803364879074658||0.0||0.0||1.0||0.0||0.0||5.0||2.0||-1.0||90.99||88.3||92.47399999999999||0.7674850500663523||4.168870629430705||4.025260656695631||空仓||-0.022040545478407475||空仓||2.0436855649653973E-5||93.6698706294307||84.58072934330437||0.0||0.0||0.0||0.0||0.0||0.0||0.01||1.0||0.0||0.0||0.0||0.0||0.0||0.01||0.0||0.0
2018-12-08 19:00:00||89.09||89.62||89.03||89.23||4186.06387||95.1||88.63||91.865||0.06803364879074658||0.0||0.0||1.0||0.0||0.0||4.0||2.0||-1.0||90.99||88.61||92.3035||0.7133947077654055||4.145929189522875||4.002542888318517||空仓||-0.022373713355122962||空仓||-3.331678767154872E-4||93.55592918952287||84.51335711168149||0.0||0.0||0.0||0.0||0.0||0.0||0.01||1.0||0.0||0.0||0.0||0.0||0.0||0.01||0.0||0.0
2018-12-08 19:15:00||89.22||89.45||88.8||89.33||5631.24974||95.1||88.63||91.865||0.06803364879074658||0.0||0.0||1.0||0.0||0.0||3.0||2.0||-1.0||90.99||88.61||92.133||0.6957507641606594||4.1292273678573554||3.98625649367089||空仓||-0.02260946955908731||空仓||-2.3575620396434904E-4||93.53422736785735||84.52469350632911||0.0||0.0||0.0||0.0||0.0||0.0||0.01||1.0||0.0||0.0||0.0||0.0||0.0||0.01||0.0||0.0
2018-12-08 19:30:00||89.29||90.19||89.26||89.78||6592.2272||95.03||88.63||91.83||0.06734715353046412||0.0||0.0||1.0||0.0||0.0||2.0||2.0||-1.0||90.99||88.8||91.96566666666666||0.7132971157821564||4.125893088109507||3.972877795275167||空仓||-0.02224372914093041||空仓||3.657404181569013E-4||93.64589308810952||84.65192220472485||0.0||0.0||0.0||0.0||0.0||0.0||0.01||1.0||0.0||0.0||0.0||0.0||0.0||0.01||0.0||0.0
2018-12-08 19:45:00||89.69||90.0||89.08||89.69||5570.7857||95.03||88.63||91.83||0.06734715353046412||0.0||0.0||1.0||0.0||0.0||1.0||2.0||-1.0||90.19||88.8||91.785||0.7598611596813846||4.124583767303242||3.969614272443709||空仓||-0.02222396231769263||空仓||1.976682323778095E-5||93.70558376730324||84.7155757275563||0.0||0.0||0.0||0.0||0.0||0.0||0.01||1.0||0.0||0.0||0.0||0.0||0.0||0.01||0.0||0.0
2018-12-08 20:00:00||89.7||89.76||88.79||88.79||4973.21034||94.67||88.63||91.65||0.06380057040245068||0.0||0.0||1.0||0.0||0.0||0.0||2.0||-1.0||90.19||88.8||91.619||0.8238696849953928||4.119743790645265||3.9637613492254355||空仓||-0.01828021259261455||空仓||0.003943749725078077||93.69274379064527||84.71350865077457||0.0||0.0||0.0||0.0||0.0||0.0||0.01||1.0||0.0||0.0||0.0||0.0||0.0||0.01||0.0||0.0
2018-12-08 20:15:00||88.79||88.99||86.2||87.15||14319.03596||94.51||88.63||91.57||0.06221563855676658||0.0||0.0||1.0||0.0||87.15||2.0||2.0||2.0||90.19||88.8||91.453||0.895387150028135||4.113562728259742||3.96658435994923||空仓||-0.015857938681786823||挂空单||0.0024222739108277283||93.47256272825975||84.4988256400508||0.0||0.0||0.0||0.0||0.0||0.0||0.01||0.0||91.08538715002813||91.08538715002813||0.0||0.0||0.0||0.01||91.08538715002813||0.0
2018-12-08 20:30:00||87.14||88.14||86.8||87.82||8252.98435||94.51||88.63||91.57||0.06221563855676658||0.0||0.0||1.0||0.0||87.82||3.0||2.0||1.0||90.19||86.2||91.24366666666667||0.9728663848862473||4.1074152856914345||3.961795532020175||空仓||-0.01627387803688722||空仓||-4.159393551003976E-4||93.18341528569142||84.22344446797982||0.0||0.0||0.0||0.0||0.0||0.0||0.01||1.0||0.0||0.0||0.0||0.0||0.0||0.01||0.0||0.0
2018-12-08 20:45:00||87.87||88.65||87.69||88.25||4875.51923||93.76||88.63||91.195||0.0547141638225257||0.0||0.0||1.0||0.0||88.25||4.0||2.0||1.0||90.19||86.2||91.055||1.0507749378374178||4.096630165329133||3.9519779503291708||空仓||-0.0091129846969829||空仓||0.0071608933399043215||92.95463016532914||84.01744204967085||0.0||0.0||0.0||0.0||0.0||0.0||0.01||1.0||0.0||0.0||0.0||0.0||0.0||0.01||0.0||0.0
2018-12-08 21:00:00||88.3||88.72||87.58||88.23||5023.85408||93.18||88.63||90.905||0.04883022107748456||0.0||0.0||1.0||0.0||88.23||5.0||2.0||1.0||90.19||86.2||90.89316666666667||1.1247308505056588||4.092400307045883||3.9475319063005054||空仓||-0.003267871460878022||空仓||0.005845113236104878||92.82740030704589||83.90011809369949||0.0||0.0||0.0||0.0||0.0||0.0||0.01||1.0||0.0||0.0||0.0||0.0||0.0||0.01||0.0||0.0
2018-12-08 21:15:00||88.23||88.5||87.15||88.06||6686.18762||93.18||87.15||90.165||0.0647134578235673||0.0||0.0||1.0||0.0||0.0||4.0||2.0||-1.0||88.72||86.2||90.71716666666667||1.1938962864437441||4.086870553904265||3.9446690962248634||空仓||-0.019110802530987653||空仓||-0.01584293107010963||92.71987055390427||83.80200090377517||0.0||0.0||0.0||0.0||0.0||0.0||0.01||1.0||0.0||0.0||0.0||0.0||0.0||0.01||0.0||0.0
2018-12-08 21:30:00||88.09||88.38||87.3||87.87||4699.45018||93.18||87.15||90.165||0.0647134578235673||0.0||0.0||1.0||0.0||0.0||3.0||2.0||-1.0||88.72||87.15||90.557||1.2557921675975017||4.080452654491439||3.9410537762058997||空仓||-0.019069287852602583||空仓||4.151467838506978E-5||92.57745265449145||83.6709762237941||0.0||0.0||0.0||0.0||0.0||0.0||0.01||1.0||0.0||0.0||0.0||0.0||0.0||0.01||0.0||0.0
2018-12-08 21:45:00||87.84||87.87||85.0||86.85||11951.55194||92.31||87.15||89.73||0.05589860253493659||0.0||0.0||1.0||0.0||86.85||4.0||2.0||1.0||88.72||87.15||90.39683333333335||1.3088126085565979||4.075765584284654||3.9481083617163226||空仓||-0.009704739863658648||空仓||0.009364547988943935||92.32476558428465||83.41840163828368||0.0||0.0||0.0||0.0||0.0||0.0||0.01||1.0||0.0||0.0||0.0||0.0||0.0||0.01||0.0||0.0
2018-12-08 22:00:00||86.84||87.72||86.1||87.47||9308.88334||92.31||87.15||89.73||0.05589860253493659||0.0||0.0||1.0||0.0||0.0||3.0||2.0||-1.0||88.72||85.0||90.21333333333334||1.353163794622301||4.072721647454815||3.947002677989466||空仓||-0.0100558888877188||空仓||-3.511490240601517E-4||92.09072164745481||83.19081732201055||0.0||0.0||0.0||0.0||0.0||0.0||0.01||1.0||0.0||0.0||0.0||0.0||0.0||0.01||0.0||0.0
2018-12-08 22:15:00||87.44||88.08||87.29||87.53||4608.87555||92.31||87.15||89.73||0.05589860253493659||0.0||0.0||1.0||0.0||0.0||2.0||2.0||-1.0||88.72||85.0||90.02983333333333||1.3936900415660602||4.0686075627909855||3.9399756820759877||空仓||-0.010150954614983582||空仓||-9.506572726478146E-5||91.87060756279098||82.98400431792402||0.0||0.0||0.0||0.0||0.0||0.0||0.01||1.0||0.0||0.0||0.0||0.0||0.0||0.01||0.0||0.0
2018-12-08 22:30:00||87.53||87.8||87.34||87.76||3277.19598||92.31||87.15||89.73||0.05589860253493659||0.0||0.0||1.0||0.0||0.0||1.0||2.0||-1.0||88.08||85.0||89.83166666666668||1.4304748333733204||4.055846625396416||3.913912694099194||空仓||-0.010492043057409181||空仓||-3.4108844242559944E-4||91.75484662539642||82.90809730590081||0.0||0.0||0.0||0.0||0.0||0.0||0.01||1.0||0.0||0.0||0.0||0.0||0.0||0.01||0.0||0.0
2018-12-08 22:45:00||87.77||88.37||86.75||87.57||8317.12658||92.31||86.85||89.58||0.05914852128696791||0.0||0.0||1.0||0.0||0.0||0.0||2.0||-1.0||88.08||85.0||89.6335||1.4630928242665178||4.032848003360316||3.8901156354101802||空仓||-0.013910633661237085||空仓||-0.0034185906038279035||91.77384800336031||82.97347436458982||0.0||0.0||0.0||0.0||0.0||0.0||0.01||1.0||0.0||0.0||0.0||0.0||0.0||0.01||0.0||0.0
2018-12-08 23:00:00||87.6||88.59||87.26||88.41||6788.55925||92.31||86.85||89.58||0.05914852128696791||0.0||0.0||1.0||0.0||0.0||0.0||2.0||0.0||88.08||86.75||89.48283333333333||1.4889304747973726||4.0030620072856316||3.861370070781796||空仓||-0.0146714707380061||挂空单||-7.608370767690151E-4||91.80306200728563||83.0606299292182||0.0||0.0||0.0||0.0||0.0||0.0||0.01||0.0||89.56893047479737||89.56893047479737||0.0||0.0||0.0||0.01||89.56893047479737||0.0
2018-12-08 23:30:00||88.49||90.47||88.29||89.52||13801.19245||92.31||86.85||89.58||0.05914852128696791||0.0||0.0||1.0||0.0||0.0||0.0||2.0||0.0||88.08||86.75||89.33216666666667||1.5075758867395086||3.9735423837717203||3.836032241045653||空仓||-0.015529360067031726||调止损||-8.578893290256268E-4||91.90054238377171||83.21169775895434||0.0||0.0||0.0||0.0||0.0||0.0||0.01||0.0||89.5875758867395||0.0||89.56893047479737||92.6851089332597||86.75||0.01||89.5875758867395||0.0
