A||G||H||I||J||K||currPrice||stopPrice||operDirection||operDescription
2018-12-03 18:30:00||0.0||0.0||0.0||0.0||0.0||0.0||0.0|| || 
2018-12-03 18:45:00||0.0||0.0||0.0||0.0||0.0||0.0||0.0|| || 
2018-12-03 19:00:00||0.0||0.0||0.0||0.0||0.0||0.0||0.0|| || 
2018-12-03 19:15:00||0.0||0.0||0.0||0.0||0.0||0.0||0.0|| || 
2018-12-03 19:30:00||0.0||0.0||0.0||0.0||0.0||0.0||0.0|| || 
2018-12-03 19:45:00||0.0||0.0||0.0||0.0||0.0||0.0||0.0|| || 
2018-12-03 20:00:00||0.0||0.0||0.0||0.0||0.0||0.0||0.0|| || 
2018-12-03 20:15:00||0.0||0.0||0.0||0.0||0.0||0.0||0.0|| || 
2018-12-03 20:30:00||0.0||0.0||0.0||0.0||0.0||0.0||0.0|| || 
2018-12-03 20:45:00||0.0||0.0||0.0||0.0||0.0||0.0||0.0|| || 
2018-12-03 21:00:00||0.0||0.0||0.0||0.0||0.0||0.0||0.0|| || 
2018-12-03 21:15:00||0.0||0.0||0.0||0.0||0.0||0.0||0.0|| || 
2018-12-03 21:30:00||0.0||0.0||0.0||0.0||0.0||0.0||0.0|| || 
2018-12-03 21:45:00||0.0||0.0||0.0||0.0||0.0||0.0||0.0|| || 
2018-12-03 22:00:00||0.0||0.0||0.0||0.0||0.0||0.0||0.0|| || 
2018-12-03 22:15:00||0.0||0.0||0.0||0.0||0.0||0.0||0.0|| || 
2018-12-03 22:30:00||0.0||0.0||0.0||0.0||0.0||0.0||0.0|| || 
2018-12-03 22:45:00||0.0||0.0||0.0||0.0||0.0||0.0||0.0|| || 
2018-12-03 23:00:00||0.0||0.0||0.0||0.0||0.0||0.0||0.0|| || 
2018-12-03 23:15:00||0.0||0.0||0.0||0.0||0.0||0.0||0.0|| || 
2018-12-03 23:30:00||0.0||0.0||0.0||0.0||0.0||0.0||0.0|| || 
2018-12-03 23:45:00||0.0||0.0||0.0||0.0||0.0||0.0||0.0|| || 
2018-12-04 00:00:00||0.0||0.0||0.0||0.0||0.0||0.0||0.0|| || 
2018-12-04 00:15:00||0.0||0.0||0.0||0.0||0.0||0.0||0.0|| || 
2018-12-04 00:30:00||0.0||0.0||0.0||0.0||0.0||0.0||0.0|| || 
2018-12-04 00:45:00||0.0||0.0||0.0||0.0||0.0||0.0||0.0|| || 
2018-12-04 01:00:00||0.0||0.0||0.0||0.0||0.0||0.0||0.0|| || 
2018-12-04 01:15:00||0.0||0.0||0.0||0.0||0.0||0.0||0.0|| || 
2018-12-04 01:30:00||0.0||0.0||0.0||0.0||0.0||0.0||0.0|| || 
2018-12-04 01:45:00||0.0||0.0||0.0||0.0||0.0||0.0||0.0|| || 
2018-12-04 02:00:00||0.0||0.0||0.0||0.0||0.0||0.0||0.0|| || 
2018-12-04 02:15:00||0.0||0.0||0.0||0.0||0.0||0.0||0.0|| || 
2018-12-04 02:30:00||0.0||0.0||0.0||0.0||0.0||0.0||0.0|| || 
2018-12-04 02:45:00||4876.27377||4876.27377||0.0||0.0||0.0||0.0||0.0|| || 
2018-12-04 03:00:00||4744.434802307692||4812.795748518519||-68.36094621082702||-68.36094621082702||0.0||0.0||0.0|| || 
2018-12-04 03:15:00||5263.88180964497||5057.836089368999||206.0457202759717||-13.479612913467285||439.05066637887796||0.0||0.0|| || 
2018-12-04 03:30:00||5534.888762007284||5203.583564230555||331.3051977767291||55.47734922457199||551.6556971043142||0.0||0.0|| || 
2018-12-04 03:45:00||5283.420012467702||5107.047143917181||176.37286855052116||79.65645308976183||193.43283092151867||0.0||0.0|| || 
2018-12-04 04:00:00||5202.287609011132||5081.048051034426||121.23955797670624||87.9730740671507||66.53296781911106||0.0||0.0|| || 
2018-12-04 04:15:00||5190.557261470958||5084.380813920765||106.17644755019319||91.6137487637592||29.125397572867968||0.0||0.0|| || 
2018-12-04 04:30:00||5000.551159706195||5000.761316593301||-0.21015688710576796||73.2489676335862||-146.91824904138394||0.0||0.0|| || 
2018-12-04 04:45:00||4974.237148982165||4988.076040549353||-13.838891567187602||55.83139579343145||-139.3405747212381||0.0||0.0|| || 
2018-12-04 05:00:00||5302.420495292601||5145.065141249401||157.35535404320035||76.13618744338524||162.43833319963022||0.0||0.0|| || 
2018-12-04 05:15:00||5521.156503709124||5262.038430786482||259.11807292264166||112.73256453923652||292.77101676681025||0.0||0.0|| || 
2018-12-04 05:30:00||5935.650164676952||5480.803384061557||454.8467806153949||181.1554077544682||547.3827457218533||0.0||0.0|| || 
2018-12-04 05:45:00||5580.275323957421||5343.389333390331||236.88599056709063||192.3015243169927||89.16893250019587||0.0||0.0|| || 
2018-12-04 06:00:00||5137.790480271664||5147.888185731787||-10.097705460123507||151.82167836156947||-323.83876764338595||0.0||0.0|| || 
2018-12-04 06:15:00||4744.513069460639||4957.784417159062||-213.2713476984236||78.80307314957085||-584.148841695989||0.0||0.0|| || 
2018-12-04 06:30:00||4362.751072620541||4758.175207739872||-395.42413511933137||-16.04236850420959||-758.7635332302435||0.0||0.0|| || 
2018-12-04 06:45:00||4043.0227122173806||4574.941246425808||-531.918534208427||-119.21760164505307||-825.4018651267479||0.0||0.0|| || 
2018-12-04 07:00:00||4104.264374953168||4565.026600023895||-460.76222507072725||-187.5265263301879||-546.4713974810787||0.0||0.0|| || 
2018-12-04 07:15:00||3843.933664960373||4405.551648911014||-561.6179839506412||-262.3448178542786||-598.5463321927253||0.0||0.0|| || 
2018-12-04 07:30:00||3454.1509780433926||4176.277171213902||-722.1261931705094||-354.3010929175247||-735.6502005059693||0.0||0.0|| || 
2018-12-04 07:45:00||3219.058304498255||4009.5935733462056||-790.5352688479506||-441.54792810360993||-697.9746814886814||0.0||0.0|| || 
2018-12-04 08:00:00||3115.9879930369852||3901.4089590242643||-785.420965987279||-510.3225356803438||-550.1968606138705||0.0||0.0|| || 
2018-12-04 08:15:00||3187.4481110312954||3877.636351689134||-690.1882406578384||-546.2956766758427||-287.7851279639913||0.0||0.0|| || 
2018-12-04 08:30:00||3115.3185554880192||3791.7822515640128||-676.4636960759935||-572.3292805558729||-208.26883104024137||0.0||0.0|| || 
2018-12-04 08:45:00||2973.110262336016||3673.2031699666786||-700.0929076306625||-597.8820059708307||-204.42180331966347||0.0||0.0|| || 
2018-12-04 09:00:00||2713.9232819766294||3496.550704783962||-782.6274228073326||-634.831089338131||-295.592666938403||0.0||0.0|| || 
2018-12-04 09:15:00||2600.6546324417636||3384.041545911076||-783.3869134693123||-664.5422541643673||-237.68931860989005||0.0||0.0|| || 
2018-12-04 09:30:00||2864.283041296877||3452.9450825102554||-588.6620412133784||-649.3662115741695||121.40834072158214||0.0||0.0|| || 
2018-12-04 09:45:00||2754.402047251204||3356.4348230650508||-602.0327758138469||-639.899524422105||75.73349721651607||0.0||0.0|| || 
2018-12-04 10:00:00||2494.4865292125573||3186.695293949121||-692.2087647365638||-650.3613724849968||-83.69478450313409||0.0||0.0|| || 
2018-12-04 10:15:00||2601.63669702601||3187.011392175112||-585.3746951491021||-637.3640370178177||103.97868373743131||0.0||0.0|| || 
2018-12-04 10:30:00||3220.914095945085||3441.820903125104||-220.90680718001886||-554.072591050258||666.3315677404782||0.0||0.0|| || 
2018-12-04 10:45:00||3837.6289719535334||3722.3942280787996||115.2347438747338||-420.21112406525964||1070.8917358799868||0.0||0.0|| || 
2018-12-04 11:00:00||3767.960448576067||3697.386031184074||70.57441739199294||-322.0540157738091||785.2568663316041||0.0||0.0|| || 
2018-12-04 11:15:00||3782.364479564364||3709.5490399852542||72.8154395791098||-243.08012470322532||631.7911285646703||0.0||0.0|| || 
2018-12-04 11:30:00||3863.3509704006156||3753.9362718381985||109.41469856241702||-172.58116005009686||563.9917172250277||0.0||0.0|| || 
2018-12-04 11:45:00||3644.861919569752||3656.842632442776||-11.980712873024004||-140.46107061468228||256.96071548331656||0.0||0.0|| || 
2018-12-04 12:00:00||3769.561576559021||3715.9957478173856||53.565828741635414||-101.65569074341875||310.4430389701083||0.0||0.0|| || 
2018-12-04 12:15:00||4189.564861703787||3922.1873909420237||267.3774707617631||-27.849058442382372||590.453058408291||0.0||0.0|| || 
2018-12-04 12:30:00||4121.0024968262815||3908.9816205018737||212.0208763244077||20.124928510975646||383.7918956268641||0.0||0.0|| || 
2018-12-04 12:45:00||4037.8139142376226||3884.6331086128457||153.1808056247769||46.7361039337359||212.88940338208198||0.0||0.0|| || 
2018-12-04 13:00:00||3662.3140674318342||3715.1836124193014||-52.86954498746718||26.81497414949528||-159.36903827392493||0.0||0.0|| || 
2018-12-04 13:15:00||5070.76998167309||4389.412790017872||681.3571916552182||157.72341765063987||1047.2675480091566||0.0||0.0|| || 
2018-12-04 13:30:00||4900.5923829541525||4357.946330757289||542.6460521968638||234.70794455988465||615.8762152739583||0.0||0.0|| || 
2018-12-04 13:45:00||4667.87326557659||4286.0923892197125||381.78087635687734||264.1225309192832||235.31669087518833||0.0||0.0|| || 
2018-12-04 14:00:00||4200.039313949423||4089.119070018252||110.92024393117072||233.48207352166068||-245.12365918097993||0.0||0.0|| || 
2018-12-04 14:15:00||3928.724253341819||3966.702207053937||-37.97795371211805||179.19006807490493||-434.33604357404596||0.0||0.0|| || 
2018-12-04 14:30:00||3559.230682058462||3785.9847131980896||-226.7540311396274||98.00124823199847||-649.5105587432517||0.0||0.0|| || 
2018-12-04 14:45:00||3734.7712125110065||3853.707632961194||-118.9364204501876||54.61371449556127||-347.10026989149776||0.0||0.0|| || 
2018-12-04 15:00:00||4394.855395201621||4162.715837927031||232.1395572745896||90.11888305136694||284.04134844644534||0.0||0.0|| || 
2018-12-04 15:15:00||5295.029942093679||4613.328735117621||681.7012069760576||208.43534783630508||946.5317182795051||0.0||0.0|| || 
2018-12-04 15:30:00||6585.82163715619||5285.317418442242||1300.504218713948||426.8491220118337||1747.3101934042284||0.0||0.0|| || 
2018-12-04 15:45:00||7228.446471439854||5691.063021520595||1537.383449919259||648.9559875933187||1776.8549246518805||0.0||0.0|| || 
2018-12-04 16:00:00||7404.8536866029535||5889.880084370921||1514.9736022320321||822.1595105210614||1385.6281834219415||0.0||0.0|| || 
2018-12-04 16:15:00||9391.679528664037||6958.7202010841875||2432.9593275798497||1144.3194739328192||2577.279707294061||0.0||0.0|| || 
2018-12-04 16:30:00||9665.112735023416||7270.592435818693||2394.5202992047234||1394.3596389872||2000.3213204350468||0.0||0.0|| || 
2018-12-04 16:45:00||9469.942266558275||7353.993343535826||2115.948923022449||1538.6774957942498||1154.5428544563983||0.0||0.0|| || 
2018-12-04 17:00:00||9128.918236318541||7346.533545496135||1782.384690822406||1587.418934799881||389.93151204504966||0.0||0.0|| || 
2018-12-04 17:15:00||8621.49213688492||7234.24577101494||1387.246365869979||1547.3844210139007||-320.2761102878435||0.0||0.0|| || 
2018-12-04 17:30:00||7925.103632748777||7001.706592421241||923.3970403275362||1422.5869448766277||-998.3798090981832||0.0||0.0|| || 
2018-12-04 17:45:00||8151.051869248966||7178.896264834482||972.1556044144836||1332.500676784199||-720.6901447394307||0.0||0.0|| || 
2018-12-04 18:00:00||7771.293293979894||7068.061069661558||703.2322243183362||1206.6469862910265||-1006.8295239453805||0.0||0.0|| || 
2018-12-04 18:15:00||7004.992977982987||6751.192934131072||253.80004385191478||1016.0775978032041||-1524.5551079025786||0.0||0.0|| || 
2018-12-04 18:30:00||6780.205925985604||6661.762134565808||118.44379141979607||836.5508365265225||-1436.214090213453||0.0||0.0|| || 
2018-12-04 18:45:00||6397.557257372435||6486.297500894267||-88.74024352183187||651.4926205168516||-1480.465728077367||0.0||0.0|| || 
2018-12-04 19:00:00||6005.974123930521||6291.184122309506||-285.2099983789849||464.15209673768425||-1498.7241902333383||0.0||0.0|| || 
2018-12-04 19:15:00||5743.969960248903||6143.907302879173||-399.93734263027||291.3342088640934||-1382.5431029887268||0.0||0.0|| || 
2018-12-04 19:30:00||5535.400038672148||6013.859759702938||-478.4597210307902||137.37542288511668||-1231.6702878318138||0.0||0.0|| || 
2018-12-04 19:45:00||5829.422551184126||6119.984693799018||-290.56214261489185||51.78790978511497||-684.7001048000136||0.0||0.0|| || 
2018-12-04 20:00:00||5548.153331001953||5963.035651295387||-414.8823202934336||-41.546136230594755||-746.6723681256777||0.0||0.0|| || 
2018-12-04 20:15:00||5332.2984739247295||5828.373511199432||-496.0750372747025||-132.4519164394163||-727.2462416705723||0.0||0.0|| || 
2018-12-04 20:30:00||4853.198256397848||5560.949329629104||-707.7510732312558||-247.5117477977842||-920.4786508669431||0.0||0.0|| || 
2018-12-04 20:45:00||4544.528438490487||5359.904522989911||-815.376084499424||-361.08461513811216||-908.5829387226237||0.0||0.0|| || 
2018-12-04 21:00:00||4826.256540261182||5435.153158323992||-608.8966180628104||-410.6470157230518||-396.4992046795171||0.0||0.0|| || 
2018-12-04 21:15:00||4960.730635605615||5454.796491781474||-494.06585617585915||-427.33078381361327||-133.47014472449177||0.0||0.0|| || 
2018-12-04 21:30:00||5084.173499358597||5477.634473871736||-393.46097451313926||-420.55682195351847||54.191694880758405||0.0||0.0|| || 
2018-12-04 21:45:00||4932.945870226506||5375.675913584942||-442.730043358436||-424.991466234502||-35.47715424786793||0.0||0.0|| || 
2018-12-04 22:00:00||4513.934608653198||5141.13493257865||-627.2003239254518||-465.433237772692||-323.53417230551963||0.0||0.0|| || 
2018-12-04 22:15:00||4037.6758242450132||4865.36586423949||-827.690039994477||-537.884598217049||-579.6108835548562||0.0||0.0|| || 
2018-12-04 22:30:00||3584.227754361165||4585.728642443973||-1001.5008880828077||-630.6078561902007||-741.7860637852141||0.0||0.0|| || 
2018-12-04 22:45:00||3306.9229567671396||4378.026266707382||-1071.1033099402425||-718.706946940209||-704.792726000067||0.0||0.0|| || 
2018-12-04 23:00:00||3017.121577264503||4159.151283247576||-1142.0297059830737||-803.371498748782||-677.3164144685834||0.0||0.0|| || 
2018-12-04 23:15:00||3882.8558438391947||4491.391507451459||-608.5356636122642||-764.4043317214783||311.73733621842825||0.0||0.0|| || 
2018-12-04 23:30:00||4170.276455556242||4584.702493566165||-414.4260380099231||-694.4086729791672||559.9652699384883||0.0||0.0|| || 
2018-12-04 23:45:00||4273.451907009127||4603.681337746449||-330.2294307373213||-621.572824530798||582.6867875869534||0.0||0.0|| || 
2018-12-05 00:00:00||4036.480915161569||4465.122754209674||-428.6418390481049||-582.9866274342594||308.689576772309||0.0||0.0|| || 
2018-12-05 00:15:00||3834.9265912905585||4336.326832416365||-501.40024112580613||-566.6693501725687||130.53821809352507||0.0||0.0|| || 
2018-12-05 00:30:00||3450.167772630473||4113.931827792931||-663.7640551624577||-586.0882911705464||-155.3515279838225||0.0||0.0|| || 
2018-12-05 00:45:00||3353.0664937642464||4018.0116524008613||-664.9451586366149||-601.8596646637601||-126.17098794570961||0.0||0.0|| || 
2018-12-05 01:00:00||3116.589994723593||3854.897400371168||-738.3074056475748||-629.149212860523||-218.3163855741036||0.0||0.0|| || 
2018-12-05 01:15:00||2934.741409381502||3712.65123663997||-777.9098272584683||-658.901335740112||-238.01698303671265||0.0||0.0|| || 
2018-12-05 01:30:00||2614.578931015117||3500.8759820740465||-886.2970510589294||-704.3804788038755||-363.8331445101078||0.0||0.0|| || 
2018-12-05 01:45:00||2401.15145547433||3332.462971550043||-931.3115160757134||-749.766686258243||-363.08965963494074||0.0||0.0|| || 
2018-12-05 02:00:00||2266.8553977090482||3198.815868472262||-931.9604707632138||-786.2054431592371||-291.5100552079534||0.0||0.0|| || 
2018-12-05 02:15:00||2268.8999472922715||3130.7661722891316||-861.8662249968602||-801.3375995267618||-121.05725094019681||0.0||0.0|| || 
2018-12-05 02:30:00||2493.8242830934605||3175.2211321195664||-681.3968490261059||-777.3494494266306||191.90520080104943||0.0||0.0|| || 
2018-12-05 02:45:00||2828.3609549252355||3285.8205038144133||-457.45954888917777||-713.37146931914||511.82384085992453||0.0||0.0|| || 
2018-12-05 03:00:00||3446.680338782892||3549.643944272605||-102.96360548971325||-591.2898965532547||976.652582127083||0.0||0.0|| || 
2018-12-05 03:15:00||3332.8311143547544||3487.200717289449||-154.36960293469474||-503.9058378295427||699.0724697896959||0.0||0.0|| || 
2018-12-05 03:30:00||3335.9982259924845||3477.290837490231||-141.2926114977463||-431.3831925631834||580.1811621308742||0.0||0.0|| || 
2018-12-05 03:45:00||3342.713326609025||3470.0579147131766||-127.34458810415163||-370.57547167137704||486.46176713445084||0.0||0.0|| || 
2018-12-05 04:00:00||3759.7174055922515||3661.4047239936817||98.31268159856972||-276.7978410173877||750.2210452319149||0.0||0.0|| || 
2018-12-05 04:15:00||4329.134093962674||3942.8507355497054||386.28335841296894||-144.18160113131637||1060.9299190885706||0.0||0.0|| || 
2018-12-05 04:30:00||4637.70405181457||4120.03503810158||517.6690137129908||-11.811478162454932||1058.9609837508915||0.0||0.0|| || 
2018-12-05 04:45:00||4576.525745381559||4128.924669353314||447.6010760282452||80.07103267568509||735.0600867051202||0.0||0.0|| || 
2018-12-05 05:00:00||4313.792912245935||4035.5793108826983||278.2136013632371||119.69954641319549||317.0281099000832||0.0||0.0|| || 
2018-12-05 05:15:00||4197.6861488234845||4000.2844693358315||197.40167948765293||135.23997302808698||124.3234129191319||0.0||0.0|| || 
2018-12-05 05:30:00||4275.347721312179||4052.2994249405847||223.048296371594||152.8016376967884||140.49331734961123||0.0||0.0|| || 
2018-12-05 05:45:00||4162.750476494921||4014.6080327227633||148.14244377215755||151.86979891186223||-7.454710279409369||0.0||0.0|| || 
2018-12-05 06:00:00||5443.304097034164||4642.144401409965||801.1596956241992||281.7277782543296||1038.863834739739||0.0||0.0|| || 
2018-12-05 06:15:00||9087.957392875061||6456.322632416635||2631.634760458426||751.7091746951489||3759.8511715265545||0.0||0.0|| || 
2018-12-05 06:30:00||9410.296781663514||6806.458987052441||2603.8377946110722||1122.1348986783337||2963.405791865477||0.0||0.0|| || 
2018-12-05 06:45:00||9519.904716792204||7052.110051715224||2467.79466507698||1391.266851958063||2153.055626237834||0.0||0.0|| || 
2018-12-05 07:00:00||9000.546712670326||6984.848395291873||2015.6983173784529||1516.1531450421407||999.0903446726243||0.0||0.0|| || 
2018-12-05 07:15:00||8836.067121490276||7054.965504529512||1781.1016169607637||1569.1428394258653||423.9175550697969||0.0||0.0|| || 
2018-12-05 07:30:00||8280.729625876387||6919.514237527326||1361.215388349061||1527.5573492105045||-332.68392172288713||0.0||0.0|| || 
2018-12-05 07:45:00||8138.5801034338665||6951.902644377154||1186.677459056713||1459.381371179746||-545.4078242460664||0.0||0.0|| || 
2018-12-05 08:00:00||7586.284350597887||6773.884501089957||812.3998495079304||1329.985066845383||-1035.1704346749052||0.0||0.0|| || 
2018-12-05 08:15:00||6885.136196659751||6496.472415824034||388.66378083571635||1141.7208096434497||-1506.1140576154667||0.0||0.0|| || 
2018-12-05 08:30:00||6274.613503327481||6231.306954651884||43.306548675597696||922.0379574498793||-1757.4628175485632||0.0||0.0|| || 
2018-12-05 08:45:00||6148.959233584791||6174.014643196189||-25.055409611398318||732.6192840376237||-1515.3493872980441||0.0||0.0|| || 
2018-12-05 09:00:00||6155.8420238025155||6175.472622959434||-19.630599156918834||582.1693073987152||-1203.599813111268||0.0||0.0|| || 
2018-12-05 09:15:00||5988.886693986743||6093.6326049624395||-104.74591097569646||444.78626372383286||-1099.0643493990588||0.0||0.0|| || 
2018-12-05 09:30:00||5825.176008758013||6007.049985335592||-181.87397657757901||319.4542156635505||-1002.656384482259||0.0||0.0|| || 
2018-12-05 09:45:00||5747.825555102934||5956.335027903327||-208.50947280039236||213.8614779707619||-844.7419015423086||0.0||0.0|| || 
2018-12-05 10:00:00||5307.762640471714||5729.0077376882655||-421.2450972165516||86.84016293329921||-1016.1705202997016||0.0||0.0|| || 
2018-12-05 10:15:00||5512.034066552989||5796.157306007653||-284.12323945466323||12.64748245570673||-593.5414438207399||0.0||0.0|| || 
2018-12-05 10:30:00||5510.907168621761||5774.568559636715||-263.66139101495355||-42.61429223842533||-442.09419755305646||0.0||0.0|| || 
2018-12-05 10:45:00||6049.680070372259||6014.4472611451065||35.23280922715276||-27.04487194530971||124.55536234492493||0.0||0.0|| || 
2018-12-05 11:00:00||5874.333907238066||5932.631168467691||-58.29726122962529||-33.29534980217282||-50.00382285490494||0.0||0.0|| || 
2018-12-05 11:15:00||5815.473012278364||5899.972421914529||-84.49940963616518||-43.5361617689713||-81.92649573438777||0.0||0.0|| || 
2018-12-05 11:30:00||5670.882927312461||5824.095758069008||-153.2128307565472||-65.47149556648648||-175.48267038012142||0.0||0.0|| || 
2018-12-05 11:45:00||5692.8535415720835||5823.32510339723||-130.47156182514664||-78.47150881821851||-104.00010601385625||0.0||0.0|| || 
2018-12-05 12:00:00||5441.5559582533015||5692.665410552991||-251.1094522996891||-112.99909751451264||-276.22070957035294||0.0||0.0|| || 
2018-12-05 12:15:00||5460.436252368178||5683.15522236388||-222.71896999570163||-134.94307201075043||-175.5517959699024||0.0||0.0|| || 
2018-12-05 12:30:00||5191.248292003844||5537.048502929519||-345.80021092567495||-177.11449979373532||-337.37142226387925||0.0||0.0|| || 
2018-12-05 12:45:00||5130.220027080175||5482.049693082888||-351.82966600271266||-212.0575330355308||-279.5442659343637||0.0||0.0|| || 
2018-12-05 13:00:00||5498.677955221687||5633.393905447118||-134.7159502254317||-196.589216473511||123.74653249615858||0.0||0.0|| || 
2018-12-05 13:15:00||5435.340768264504||5592.919263562147||-157.5784952976428||-188.78707223833737||62.41715388138914||0.0||0.0|| || 
2018-12-05 13:30:00||5255.398310069964||5494.607821076062||-239.20951100609727||-198.87155999188934||-80.67590202841586||0.0||0.0|| || 
2018-12-05 13:45:00||5230.787496213046||5465.038946922279||-234.2514507092328||-205.94753813535803||-56.607825147749566||0.0||0.0|| || 
2018-12-05 14:00:00||5168.623589103347||5417.756217520629||-249.13262841728283||-214.584556191743||-69.09614445107968||0.0||0.0|| || 
2018-12-05 14:15:00||5047.909712318216||5341.180452519101||-293.2707402008846||-230.3217929935713||-125.89789441462653||0.0||0.0|| || 
2018-12-05 14:30:00||4744.533055038491||5173.386451591759||-428.8533965532688||-270.0281137055108||-317.650565695516||0.0||0.0|| || 
2018-12-05 14:45:00||4432.345780417184||4991.307141844222||-558.9613614270384||-327.81476324981634||-462.29319635444404||0.0||0.0|| || 
2018-12-05 15:00:00||4109.5637218914635||4794.489012818724||-684.9252909272609||-399.2368687853052||-571.3768442839114||0.0||0.0|| || 
2018-12-05 15:15:00||3911.922924677392||4648.59342223956||-736.6704975621678||-466.7235945406777||-539.8938060429803||0.0||0.0|| || 
2018-12-05 15:30:00||3574.15237011164||4431.394970221815||-857.2426001101753||-544.8273956545772||-624.8304089111962||0.0||0.0|| || 
2018-12-05 15:45:00||3822.1513331713877||4487.30242650168||-665.1510933302925||-568.8921351897202||-192.5179162811446||0.0||0.0|| || 
2018-12-05 16:00:00||4074.832678837328||4559.693363797852||-484.86068496052394||-552.085845143881||134.4503203667141||0.0||0.0|| || 
2018-12-05 16:15:00||4608.2490174777395||4780.607846479493||-172.3588290017533||-476.1404419154555||607.5632258274044||0.0||0.0|| || 
2018-12-05 16:30:00||4278.670802481164||4609.154718592124||-330.4839161109594||-447.00913675455627||233.05044128719373||0.0||0.0|| || 
2018-12-05 16:45:00||3853.0318482532925||4379.737154251966||-526.7053059986733||-462.94837060337966||-127.51387079058736||0.0||0.0|| || 
2018-12-05 17:00:00||3788.0281731374016||4309.423880603672||-521.3957074662703||-474.63783797595784||-93.51573898062497||0.0||0.0|| || 
2018-12-05 17:15:00||3376.339334193186||4072.5814242626593||-696.2420900694733||-518.9586883946608||-354.56680334962493||0.0||0.0|| || 
2018-12-05 17:30:00||3089.2144458557723||3882.7626195024623||-793.54817364669||-573.8765854450667||-439.3431764032466||0.0||0.0|| || 
2018-12-05 17:45:00||2711.919032647192||3642.320518798576||-930.4014861513838||-645.1815655863301||-570.4398411301074||0.0||0.0|| || 
2018-12-05 18:00:00||2550.4386953168546||3495.6520981468298||-945.2134028299752||-705.1879330350591||-480.05093958983207||0.0||0.0|| || 
2018-12-05 18:15:00||2611.0449652681077||3454.81708717299||-843.7721219048822||-732.9047708090238||-221.73470219171668||0.0||0.0|| || 
2018-12-05 18:30:00||2571.022933688399||3373.045581456472||-802.022647768073||-746.7283462008336||-110.58860313447894||0.0||0.0|| || 
2018-12-05 18:45:00||2682.691993120953||3367.4030806078445||-684.7110874868913||-734.3248944580452||99.2276139423077||0.0||0.0|| || 
2018-12-05 19:00:00||2517.981638794653||3237.378755377634||-719.3971165829812||-731.3393388830324||23.88444460010237||0.0||0.0|| || 
2018-12-05 19:15:00||2418.2735897493217||3136.082500905217||-717.8089111558952||-728.6332533376049||21.648684363419306||0.0||0.0|| || 
2018-12-05 19:30:00||2448.601048249426||3097.513580097423||-648.9125318479969||-712.6891090396832||127.55315438337266||0.0||0.0|| || 
2018-12-05 19:45:00||3392.050837749515||3503.6995874976137||-111.64874974809891||-592.4810371813663||961.6645748665348||0.0||0.0|| || 
2018-12-05 20:00:00||3408.9080196342047||3503.5457306459384||-94.6377110117337||-492.9123719474398||796.5493218714122||0.0||0.0|| || 
2018-12-05 20:15:00||3569.537599690481||3573.8756980054986||-4.33809831501776||-395.1975172209554||781.7188378118752||0.0||0.0|| || 
2018-12-05 20:30:00||3420.5573305073294||3501.8231166717583||-81.26578616442885||-332.41117100965005||502.2907696904424||0.0||0.0|| || 
2018-12-05 20:45:00||3078.9700058138937||3331.335457659036||-252.36545184514216||-316.4020271767485||128.0731506632127||0.0||0.0|| || 
2018-12-05 21:00:00||2763.555095688679||3160.7752822768853||-397.22018658820616||-332.56565905904006||-129.3090550583322||0.0||0.0|| || 
2018-12-05 21:15:00||2556.6820194288825||3031.7460095156343||-475.0639900867518||-361.0653252645824||-227.99732964433883||0.0||0.0|| || 
2018-12-05 21:30:00||2482.23592259367||2960.7116673292912||-478.47574473562145||-384.5474091587902||-187.85667115366255||0.0||0.0|| || 
2018-12-05 21:45:00||3264.092900656182||3301.71867567527||-37.625775019087996||-315.1630823308497||555.0746146235234||0.0||0.0|| || 
2018-12-05 22:00:00||3957.6167528629235||3632.8504730326576||324.76627983026583||-187.1772098986266||1023.8869794577848||0.0||0.0|| || 
2018-12-05 22:15:00||4106.316263191705||3728.5032950302384||377.8129681614664||-74.17917428660799||903.9842848961488||0.0||0.0|| || 
2018-12-05 22:30:00||3810.898090392981||3614.2510613242944||196.6470290686866||-20.013933615549064||433.32192536847134||0.0||0.0|| || 
2018-12-05 22:45:00||4023.4691287940605||3731.166526411384||292.30260238267647||42.449373584096044||499.70645759716086||0.0||0.0|| || 
2018-12-05 23:00:00||3856.499981287282||3672.426018529059||184.07396275822293||70.77429141892142||226.59934267860302||0.0||0.0|| || 
2018-12-05 23:15:00||3417.7665057046233||3474.8190830824624||-57.05257737783904||45.20891765956932||-204.52299007481673||0.0||0.0|| || 
2018-12-05 23:30:00||3002.40022636545||3270.6017947059836||-268.2015683405334||-17.473179540451227||-501.4567776001644||0.0||0.0|| || 
2018-12-05 23:45:00||3519.1007623092273||3499.516751394429||19.584010914798455||-10.061741449401291||59.29150472839949||0.0||0.0|| || 
2018-12-06 00:00:00||3192.126697338577||3343.5354616615086||-151.4087643229318||-38.33114602410739||-226.1552365976488||0.0||0.0|| || 
2018-12-06 00:15:00||2969.039290055719||3224.907542279175||-255.86825222345578||-81.83856726397707||-348.05936991895743||0.0||0.0|| || 
2018-12-06 00:30:00||2773.522822354839||3111.816779888125||-338.2939575332862||-133.12964531783888||-410.3286244308946||0.0||0.0|| || 
2018-12-06 00:45:00||3191.905111223325||3288.2012924890046||-96.29618126567948||-125.762952507407||58.93354248345503||0.0||0.0|| || 
2018-12-06 01:00:00||2848.9005033428134||3115.9178752675966||-267.0173719247832||-154.01383639088223||-226.00707106780197||0.0||0.0|| || 
2018-12-06 01:15:00||2558.4355797516114||2956.2853289514783||-397.8497491998669||-202.78101895267918||-390.13746049437543||0.0||0.0|| || 
2018-12-06 01:30:00||2675.743145943671||2983.296397918035||-307.5532519743638||-223.73546555701608||-167.63557283469538||0.0||0.0|| || 
2018-12-06 01:45:00||2342.491238875414||2800.0600536278102||-457.56881475239607||-270.50213539609206||-374.133358712608||0.0||0.0|| || 
2018-12-06 02:00:00||2111.115077509966||2654.7627303961203||-543.6476528861544||-325.1312388941045||-437.03282798409987||0.0||0.0|| || 
2018-12-06 02:15:00||3229.9691963545865||3153.2000725890007||76.76912376558585||-244.75116636216643||643.0405802555046||0.0||0.0|| || 
2018-12-06 02:30:00||4223.335055376958||3637.1739398046307||586.1611155723272||-78.56870997526772||1329.4596510951897||0.0||0.0|| || 
2018-12-06 02:45:00||3959.588003780503||3553.6039605598435||405.9840432206597||18.341840663917772||775.2844051134839||0.0||0.0|| || 
2018-12-06 03:00:00||3844.6524385835023||3528.3375064443||316.3149321392025||77.93645895897471||476.7569463604556||0.0||0.0|| || 
2018-12-06 03:15:00||3712.661403416809||3488.2170030039815||224.4444004128277||107.2380472497453||234.41270632616477||0.0||0.0|| || 
2018-12-06 03:30:00||3670.177158275762||3484.3871368555388||185.79002142022318||122.94844208384089||125.68315867276459||0.0||0.0|| || 
2018-12-06 03:45:00||3494.1484877717985||3413.3948156069805||80.753672164818||114.50948810003631||-67.51163187043662||0.0||0.0|| || 
2018-12-06 04:00:00||3258.190378883829||3305.767109265723||-47.57673038189387||82.09224440365027||-259.3379495710883||0.0||0.0|| || 
2018-12-06 04:15:00||2960.606517517086||3158.9617885793728||-198.35527106228665||26.002741310462888||-448.71602474549906||0.0||0.0|| || 
2018-12-06 04:30:00||2690.7033548221493||3014.3154309068264||-323.612076084677||-43.92022216856509||-559.3837078322239||0.0||0.0|| || 
2018-12-06 04:45:00||2529.5732433110493||2912.7630012100244||-383.18975789897513||-111.7741293146471||-542.8312571686561||0.0||0.0|| || 
2018-12-06 05:00:00||2449.956184340119||2846.044435194467||-396.0882508543482||-168.63695362258733||-454.9025944635217||0.0||0.0|| || 
2018-12-06 05:15:00||2676.231860595485||2925.6521125874697||-249.42025199198451||-184.79361329646676||-129.2532773910355||0.0||0.0|| || 
2018-12-06 05:30:00||2599.244023580795||2870.108320543953||-270.86429696315827||-202.00775002980504||-137.71309386670646||0.0||0.0|| || 
2018-12-06 05:45:00||2856.7991707222113||2974.052332355512||-117.2531616333008||-185.05683235050418||135.60734143440675||0.0||0.0|| || 
2018-12-06 06:00:00||3149.054087534179||3106.082243292141||42.97184424203806||-139.45109703199574||364.8458825480676||0.0||0.0|| || 
2018-12-06 06:15:00||3332.187049451998||3197.440472677908||134.74657677409004||-84.61156227077858||438.7162780897372||0.0||0.0|| || 
2018-12-06 06:30:00||4849.750166459383||3938.1002384054705||911.6499280539124||114.64073579415961||1594.0183845195056||0.0||0.0|| || 
2018-12-06 06:45:00||4774.766200850247||3969.5264718569174||805.2397289933292||252.76053443399354||1104.9583891186712||0.0||0.0|| || 
2018-12-06 07:00:00||4852.052817642516||4066.3859339415903||785.6668837009256||359.34180428738||852.6501588270912||0.0||0.0|| || 
2018-12-06 07:15:00||5423.289524159052||4399.623376612583||1023.6661475464689||492.2066729391978||1062.9189492145422||0.0||0.0|| || 
2018-12-06 07:30:00||5581.2222804422745||4551.492196122763||1029.7300843195117||599.7113552152606||860.0374582085021||0.0||0.0|| || 
2018-12-06 07:45:00||5846.4580757588465||4755.474622335891||1090.9834534229558||697.9657748567996||786.0353571323124||0.0||0.0|| || 
2018-12-06 08:00:00||5310.712557949792||4578.336665866565||732.375892083227||704.847798302085||55.05618756228387||0.0||0.0|| || 
2018-12-06 08:15:00||5484.490582880594||4716.257632839412||768.2329500411824||717.5248286499045||101.41624278255586||0.0||0.0|| || 
2018-12-06 08:30:00||4991.4752747451175||4535.786036332788||455.68923841232936||665.1577106023896||-418.9369443801204||0.0||0.0|| || 
2018-12-06 08:45:00||5197.727395553561||4668.847371419249||528.8800241343124||637.9021733087742||-218.04429834892358||0.0||0.0|| || 
2018-12-06 09:00:00||5644.082205468398||4922.935244647452||721.1469608209454||654.5511308112084||133.19166001947406||0.0||0.0|| || 
2018-12-06 09:15:00||6564.7703138578745||5419.647812451345||1145.1225014065294||752.6654049302726||784.9141929525135||0.0||0.0|| || 
2018-12-06 09:30:00||6490.131219418202||5468.534359677172||1021.5968597410301||806.4516958924241||430.290327697212||0.0||0.0|| || 
2018-12-06 09:45:00||6272.789288738479||5439.562086367752||833.2272023707264||811.8067971880846||42.84081036528369||0.0||0.0|| || 
2018-12-06 10:00:00||6550.552027394097||5635.020234784955||915.531792609142||832.5517962722961||165.9599926736919||0.0||0.0|| || 
2018-12-06 10:15:00||6713.1325524103895||5781.116916652737||932.0156357576525||852.4445641693674||159.14214317657024||0.0||0.0|| || 
2018-12-06 10:30:00||7402.046275116483||6181.854311715498||1220.1919634009855||925.9940440156911||588.3958387705889||0.0||0.0|| || 
2018-12-06 10:45:00||7073.366615867793||6113.985732329164||959.380883538629||932.6714119202786||53.41894323670067||0.0||0.0|| || 
2018-12-06 11:00:00||6410.601990349672||5865.942089193671||544.6599011560011||855.0691097674231||-620.8184172228441||0.0||0.0|| || 
2018-12-06 11:15:00||5877.397368757414||5649.559115920066||227.8382528373486||729.6229383814083||-1003.5693710881194||0.0||0.0|| || 
2018-12-06 11:30:00||7815.935013563965||6599.806000666727||1216.1290128972378||826.9241532845741||778.4097192253273||0.0||0.0|| || 
2018-12-06 11:45:00||7921.360639169508||6740.650117654378||1180.7105215151305||897.6814269306853||566.0581891688903||0.0||0.0|| || 
2018-12-06 12:00:00||9063.778125451121||7378.16302005035||1685.6151054007714||1055.2681626247027||1260.6938855521375||0.0||0.0|| || 
2018-12-06 12:15:00||9180.98800768941||7559.457785972546||1621.5302217168637||1168.5205744431348||906.0192945474578||0.0||0.0|| || 
2018-12-06 12:30:00||8786.540197275654||7489.651819604208||1296.8883776714456||1194.1941350887969||205.38848516529742||0.0||0.0|| || 
2018-12-06 12:45:00||8282.138642310169||7342.857617411303||939.2810248988653||1143.2115130508105||-407.8609763038903||0.0||0.0|| || 
2018-12-06 13:00:00||8584.107641954759||7557.826470936391||1026.2811710183678||1119.825444644322||-187.0885472519085||0.0||0.0|| || 
2018-12-06 13:15:00||8366.84315396172||7529.23847086703||837.6046830946898||1063.3812923343955||-451.5532184794115||0.0||0.0|| || 
2018-12-06 13:30:00||7779.853141044532||7308.658441173176||471.19469987135653||944.9439738417877||-947.4985479408624||0.0||0.0|| || 
2018-12-06 13:45:00||7211.393213191527||7069.858824049237||141.5343891422899||784.2620569018882||-1285.4553355191965||0.0||0.0|| || 
2018-12-06 14:00:00||6499.584166546677||6737.619978564107||-238.03581201743054||579.8024831180245||-1635.67659027091||0.0||0.0|| || 
2018-12-06 14:15:00||6886.47835015488||6906.270080892692||-19.79173073781203||459.8836403468572||-959.3507421693384||0.0||0.0|| || 
2018-12-06 14:30:00||6366.017685515667||6654.21185490064||-288.19416938497307||310.2680784004911||-1196.9244955709282||0.0||0.0|| || 
2018-12-06 14:45:00||6341.714449282487||6621.162580463555||-279.44813118106777||192.32483648417931||-943.5459353304941||0.0||0.0|| || 
2018-12-06 15:00:00||6166.897674008258||6516.291678947737||-349.3940049394787||83.98106819944772||-866.7501462778528||0.0||0.0|| || 
2018-12-06 15:15:00||6093.591131853142||6455.1148990256825||-361.52376717254083||-5.119898874949996||-712.8077365951817||0.0||0.0|| || 
2018-12-06 15:30:00||6377.2724807988125||6564.9226768756325||-187.65019607682007||-41.62595831532401||-292.04847552299213||0.0||0.0|| || 
2018-12-06 15:45:00||6214.598732983611||6472.698265255214||-258.0995322716035||-84.92067310657991||-346.3577183300472||0.0||0.0|| || 
2018-12-06 16:00:00||7093.449858678439||6876.730323384459||216.7195352939807||-24.592631426467783||482.624333440897||0.0||0.0|| || 
2018-12-06 16:15:00||8796.813385035603||7712.921616467092||1083.891768568511||197.10424857252795||1773.5750399919662||0.0||0.0|| || 
2018-12-06 16:30:00||10130.839893491662||8435.518955247308||1695.3209382443547||496.7475865068933||2397.146703474923||0.0||0.0|| || 
2018-12-06 16:45:00||9960.575772954482||8479.119263006767||1481.456509947715||693.6893711950577||1575.5342775053145||0.0||0.0|| || 
2018-12-06 17:00:00||9706.92091557687||8466.726665747006||1240.194249829863||802.9903469220188||874.4078058156886||0.0||0.0|| || 
2018-12-06 17:15:00||13182.952274718891||10232.237634950932||2950.714639767959||1232.5352054912069||3436.358868553504||0.0||0.0|| || 
2018-12-06 17:30:00||15165.152387839062||11405.201736806419||3759.950651032643||1738.0182945994939||4043.864712866298||0.0||0.0|| || 
2018-12-06 17:45:00||16215.19048509459||12189.290498524464||4025.899986570126||2195.5946329936205||3660.6107071530114||0.0||0.0|| || 
2018-12-06 18:00:00||16052.794405849269||12409.314607522652||3643.479798326616||2485.1716660602196||2316.616264532793||0.0||0.0|| || 
2018-12-06 18:15:00||15796.69740341092||12555.896035854308||3240.8013675566126||2636.2976063594983||1209.0075223942285||0.0||0.0|| || 
2018-12-06 18:30:00||14983.159012116932||12404.251726531767||2578.9072855851646||2624.8195422046315||-91.82451323893383||0.0||0.0|| || 
2018-12-06 18:45:00||13663.48467332971||11959.883140122009||1703.6015332077022||2440.5759404052455||-1473.9488143950866||0.0||0.0|| || 
2018-12-06 19:00:00||12846.749060509756||11692.832773446304||1153.9162870634518||2183.2440097368867||-2058.65544534687||0.0||0.0|| || 
2018-12-06 19:15:00||12031.70434812364||11385.879118376206||645.8252297474337||1875.7602537389962||-2459.870047983125||0.0||0.0|| || 
2018-12-06 19:30:00||13117.831205335387||11956.667992570561||1161.1632127648263||1732.8408455441622||-1143.3552655586718||0.0||0.0|| || 
2018-12-06 19:45:00||13031.822382976097||12001.268427194964||1030.5539557811335||1592.3834675915564||-1123.6590236208458||0.0||0.0|| || 
2018-12-06 20:00:00||12733.213151749005||11933.830942217559||799.3822095314463||1433.7832159795344||-1268.8020128961762||0.0||0.0|| || 
2018-12-06 20:15:00||12605.49591147993||11931.550953164406||673.9449583155238||1281.8155644467322||-1215.7412122624169||0.0||0.0|| || 
2018-12-06 20:30:00||11982.416838944555||11681.471767004079||300.9450719404758||1085.6414659454808||-1569.39278801001||0.0||0.0|| || 
2018-12-06 20:45:00||11094.119102183855||11276.065084263035||-181.94598207917988||832.1239763405487||-2028.139916839457||0.0||0.0|| || 
2018-12-06 21:00:00||11033.203483386338||11233.257861725033||-200.05437833869473||625.6883054047||-1651.4853674867895||0.0||0.0|| || 
2018-12-06 21:15:00||10030.478653634595||10735.645582337995||-705.1669287034001||359.51725858308||-2129.3683745729604||0.0||0.0|| || 
2018-12-06 21:30:00||9374.900354613888||10367.762184387031||-992.8618297731427||89.04144091183542||-2163.8065413699564||0.0||0.0|| || 
2018-12-06 21:45:00||8793.776429288675||10014.416455173176||-1220.6400258845006||-172.89485244743176||-2095.4903468741377||0.0||0.0|| || 
2018-12-06 22:00:00||13253.34320939811||12071.197495530718||1182.1457138673923||98.11326081553304||2168.0649061037184||0.0||0.0|| || 
2018-12-06 22:15:00||15001.183829490708||13000.316735861776||2000.8670936289327||478.66402737821295||3044.4061325014395||0.0||0.0|| || 
2018-12-06 22:30:00||15290.207843415214||13287.68882357572||2002.519019839494||783.4350258704692||2438.1679879380495||0.0||0.0|| || 
2018-12-06 22:45:00||15109.971744428258||13349.243221829369||1760.728522598889||978.8937252161531||1563.6695947654716||0.0||0.0|| || 
2018-12-06 23:00:00||14239.83074836237||13060.710780953119||1179.1199674092513||1018.9389736547728||320.3619875089571||0.0||0.0|| || 
2018-12-06 23:15:00||13810.81199476816||12941.488415697333||869.3235790708277||989.0158947379837||-239.38463133431196||0.0||0.0|| || 
2018-12-06 23:30:00||12439.37393711152||12345.560727127162||93.81320998435876||809.9753577872586||-1432.3242956057998||0.0||0.0|| || 
2018-12-06 23:45:00||11639.106705248209||11967.196001414039||-328.0892961658301||582.3624269966409||-1820.903446324942||0.0||0.0|| || 
2018-12-07 00:00:00||10795.365469056178||11536.647310198185||-741.2818411420067||317.63357336891136||-2117.830829021836||0.0||0.0|| || 
2018-12-07 00:15:00||10617.926629201382||11396.304028702023||-778.3773995006413||98.43137879500082||-1753.6175565912843||0.0||0.0|| || 
2018-12-07 00:30:00||10205.429046247324||11140.036496205576||-934.6074499582519||-108.17638695564973||-1652.8621260052043||0.0||0.0|| || 
2018-12-07 00:45:00||9660.413568363121||10808.391455005163||-1147.977886642042||-316.1366868929282||-1663.6823994982276||0.0||0.0|| || 
2018-12-07 01:00:00||9509.094496307256||10650.49872500478||-1141.4042286975236||-481.19019525384726||-1320.4280668873528||0.0||0.0|| || 
2018-12-07 01:15:00||9351.364241490755||10490.006066856278||-1138.641825365523||-612.6805212761824||-1051.922608178681||0.0||0.0|| || 
2018-12-07 01:30:00||8665.165935107563||10075.27045079285||-1410.104515685287||-772.1653201580034||-1275.8783910545671||0.0||0.0|| || 
2018-12-07 01:45:00||8489.672925091016||9886.32162999338||-1396.6487049023635||-897.0619971068754||-999.1734155909762||0.0||0.0|| || 
2018-12-07 02:00:00||8191.218287384705||9639.16578925313||-1447.9475018684243||-1007.2390980591852||-881.4168076184783||0.0||0.0|| || 
2018-12-07 02:15:00||7819.814455479366||9353.086351530676||-1533.2718960513093||-1112.44565765761||-841.6524767873989||0.0||0.0|| || 
2018-12-07 02:30:00||8127.573319251771||9387.690849195069||-1260.117529943298||-1141.9800321147475||-236.27499565710104||0.0||0.0|| || 
2018-12-07 02:45:00||7718.1268239822675||9097.20790481025||-1379.081080827982||-1189.4002418573943||-379.36167794117546||0.0||0.0|| || 
2018-12-07 03:00:00||7653.534757215765||8963.953866676156||-1310.4191094603912||-1213.6040153779936||-193.63018816479507||0.0||0.0|| || 
2018-12-07 03:15:00||7202.598825336417||8649.768483959404||-1447.1696586229873||-1260.3171440269923||-373.70502919199||0.0||0.0|| || 
2018-12-07 03:30:00||7139.960519900045||8512.411547369818||-1372.4510274697732||-1282.7439207155485||-179.4142135084494||0.0||0.0|| || 
2018-12-07 03:45:00||6572.979004530807||8137.757408305388||-1564.7784037745805||-1339.1508173273548||-451.25517289445133||0.0||0.0|| || 
2018-12-07 04:00:00||6491.471736141453||7982.603656579063||-1491.1319204376096||-1369.5470379494056||-243.1697649764078||0.0||0.0|| || 
2018-12-07 04:15:00||6488.3792228889215||7870.6604523880205||-1382.281229499099||-1372.0938762593444||-20.374706479509314||0.0||0.0|| || 
2018-12-07 04:30:00||6039.079025521395||7551.939525544464||-1512.860500023069||-1400.2472010120891||-225.22659802195994||0.0||0.0|| || 
2018-12-07 04:45:00||5696.246809287335||7274.808421430059||-1578.5616121427238||-1435.910083238216||-285.3030578090156||0.0||0.0|| || 
2018-12-07 05:00:00||5793.210755550823||7204.564276138944||-1411.3535205881208||-1430.9987707081968||39.29050024015214||0.0||0.0|| || 
2018-12-07 05:15:00||6453.465688543003||7417.9200942027255||-964.4544056597224||-1337.689897698502||746.470984077559||0.0||0.0|| || 
2018-12-07 05:30:00||6875.0929733825415||7549.4847568543755||-674.3917834718341||-1205.0302748531683||1061.2769827626685||0.0||0.0|| || 
2018-12-07 05:45:00||6699.295688246766||7414.8866726429405||-715.5909843961745||-1107.1424167617695||783.10286473119||0.0||0.0|| || 
2018-12-07 06:00:00||6577.902222362648||7303.431227261983||-725.5290048993347||-1030.8197343892825||610.5814589798956||0.0||0.0|| || 
2018-12-07 06:15:00||6350.821472768395||7140.353162279614||-789.5316895112182||-982.5621254136697||386.06087180490294||0.0||0.0|| || 
2018-12-07 06:30:00||6535.776006188642||7170.921516184827||-635.145509996185||-913.0788023301728||555.8665846679758||0.0||0.0|| || 
2018-12-07 06:45:00||6210.27394215962||6967.15048461558||-756.8765424559606||-881.8383503553305||249.92361579873977||0.0||0.0|| || 
2018-12-07 07:00:00||6401.510704904293||7003.162515384797||-601.6518104805045||-825.8010423803653||448.2984637997215||0.0||0.0|| || 
2018-12-07 07:15:00||6412.828542611323||6964.045043874812||-551.2165012634887||-770.88413415699||439.3352657870025||0.0||0.0|| || 
2018-12-07 07:30:00||6370.899171440351||6903.025976180382||-532.1268047400308||-723.1326682735981||382.01172706713464||0.0||0.0|| || 
2018-12-07 07:45:00||6214.931340449528||6788.513553500354||-573.5822130508259||-693.2225772290436||239.28072835643547||0.0||0.0|| || 
2018-12-07 08:00:00||5704.627997303447||6500.324372500328||-795.6963751968806||-713.7173368226111||-163.95807674853904||0.0||0.0|| || 
2018-12-07 08:15:00||5470.257940795224||6328.539058241045||-858.2811174458202||-742.6300929472529||-231.30204899713453||0.0||0.0|| || 
2018-12-07 08:30:00||6095.397129903651||6565.955622075041||-470.55849217138984||-688.2157727920803||435.31456124138094||0.0||0.0|| || 
2018-12-07 08:45:00||5544.134517610782||6265.6766982176305||-721.5421806068489||-694.8810543550339||-53.3222525036299||0.0||0.0|| || 
2018-12-07 09:00:00||5188.113187209123||6040.811451682991||-852.6982644738682||-726.4444963788009||-252.50753619013472||0.0||0.0|| || 
2018-12-07 09:15:00||5036.0847861000275||5904.449757484251||-868.3649713842233||-754.8285913798853||-227.0727600086759||0.0||0.0|| || 
2018-12-07 09:30:00||4803.970594392331||5728.367741374307||-924.3971469819762||-788.7423025003035||-271.3096889633455||0.0||0.0|| || 
2018-12-07 09:45:00||4573.698993716587||5549.022367198433||-975.3233734818459||-826.0585166966121||-298.5297135704677||0.0||0.0|| || 
2018-12-07 10:00:00||5219.553234683266||5787.743048146697||-568.1898134634312||-774.4847760499758||412.58992517308934||0.0||0.0|| || 
2018-12-07 10:15:00||5409.976995501225||5837.340428283979||-427.363432782754||-705.0605073965314||555.3941492275549||0.0||0.0|| || 
2018-12-07 10:30:00||5757.857794654883||5973.182040262944||-215.32424560806066||-607.1132550388373||783.5780188615533||0.0||0.0|| || 
2018-12-07 10:45:00||5617.776684707977||5889.785635799022||-272.00895109104476||-540.0923942492789||536.1668863164682||0.0||0.0|| || 
2018-12-07 11:00:00||5964.703203983673||6036.675519073168||-71.97231508949517||-446.4683784173221||748.9921266556539||0.0||0.0|| || 
2018-12-07 11:15:00||6014.0343033708||6055.09624728997||-41.06194391916961||-365.38709151769166||648.6502951970441||0.0||0.0|| || 
2018-12-07 11:30:00||6258.589042852216||6169.8032000833055||88.7858427689107||-274.5525046603712||726.6766948585638||0.0||0.0|| || 
2018-12-07 11:45:00||6195.25246856726||6145.884541558616||49.367927008644074||-209.76841832656817||518.2726906704245||0.0||0.0|| || 
2018-12-07 12:00:00||6188.512061095374||6146.296043665385||42.216017429988824||-159.37153117525676||403.1750972104912||0.0||0.0|| || 
2018-12-07 12:15:00||5609.092770157623||5870.443497467949||-261.35072731032596||-179.76737040227061||-163.1667138161107||0.0||0.0|| || 
2018-12-07 12:30:00||5742.584676287219||5915.358065062916||-172.77338877569673||-178.36857407695584||11.190370602518215||0.0||0.0|| || 
2018-12-07 12:45:00||5709.968179935338||5886.8557972804765||-176.8876173451381||-178.07238273059227||2.369530770908341||0.0||0.0|| || 
2018-12-07 13:00:00||5499.242661483748||5772.29257600044||-273.0499145166923||-197.06788908781226||-151.96405085776007||0.0||0.0|| || 
2018-12-07 13:15:00||5785.529970486248||5889.908694074482||-104.3787235882337||-178.53005598789656||148.30266479932573||0.0||0.0|| || 
2018-12-07 13:30:00||5928.252416565287||5950.895151550446||-22.642734985159223||-147.3525917873491||249.41971360437975||0.0||0.0|| || 
2018-12-07 13:45:00||6200.394343247551||6080.249209954117||120.1451332934339||-93.85304677119251||427.9963601292528||0.0||0.0|| || 
2018-12-07 14:00:00||6777.093067363313||6366.818605513071||410.274461850242||6.972454953094399||806.6040137942953||0.0||0.0|| || 
2018-12-07 14:15:00||7546.082655461266||6767.463552512103||778.6191029491629||161.30178455230808||1234.6346367937097||0.0||0.0|| || 
2018-12-07 14:30:00||11288.74896385184||8627.16356047417||2661.5854033776704||661.3585083173805||4000.45379012058||0.0||0.0|| || 
2018-12-07 14:45:00||12511.416521720788||9413.009821920527||3098.406699800262||1148.7681466139568||3899.27710637261||0.0||0.0|| || 
2018-12-07 15:00:00||11847.681667609899||9322.945388444932||2524.7362791649666||1423.9617731241588||2201.5490120816157||0.0||0.0|| || 
2018-12-07 15:15:00||12913.670697208376||10023.216867819383||2890.4538293889927||1717.2601843771256||2346.3872900237343||0.0||0.0|| || 
2018-12-07 15:30:00||13198.14398071478||10374.2931768698||2823.85080384498||1938.5783082706964||1770.544991148567||0.0||0.0|| || 
2018-12-07 15:45:00||12735.395391374046||10360.662434138703||2374.732957235343||2025.8092380636258||697.8474383434341||0.0||0.0|| || 
2018-12-07 16:00:00||12204.89114654727||10281.140609387689||1923.7505371595817||2005.397497882817||-163.2939214464709||0.0||0.0|| || 
2018-12-07 16:15:00||11652.337671693844||10157.59638350712||1494.741288186724||1903.2662559435985||-817.049935513749||0.0||0.0|| || 
2018-12-07 16:30:00||10938.057020664022||9924.405054358445||1013.6519663055769||1725.3433980159941||-1423.3828634208344||0.0||0.0|| || 
2018-12-07 16:45:00||10716.506031331095||9892.81768662819||823.6883447029049||1545.0123873533762||-1442.6480853009425||0.0||0.0|| || 
2018-12-07 17:00:00||10711.75938958785||9951.546217989064||760.2131715987871||1388.0525442024582||-1255.6787452073422||0.0||0.0|| || 
2018-12-07 17:15:00||11159.978518882028||10223.667515175059||936.3110037069691||1297.7042361033605||-722.7864647927827||0.0||0.0|| || 
2018-12-07 17:30:00||10562.42091443864||10005.31096516209||557.1099492765497||1149.5853787379983||-1184.9508589228972||0.0||0.0|| || 
2018-12-07 17:45:00||9568.195362986542||9567.877177372306||0.3181856142364268||919.7319401132459||-1838.8275089980189||0.0||0.0|| || 
2018-12-07 18:00:00||8730.298773296305||9164.469055344729||-434.17028204842427||648.9514956809118||-2166.243555458672||0.0||0.0|| || 
2018-12-07 18:15:00||7920.896557404565||8742.596115689563||-821.6995582849977||354.8212848877298||-2353.0416863454548||0.0||0.0|| || 
2018-12-07 18:30:00||7071.476597803862||8272.74950119404||-1201.272903390177||43.60244723214845||-2489.750701244651||0.0||0.0|| || 
2018-12-07 18:45:00||6899.611024295576||8101.0162322167025||-1201.405207921127||-205.39908379850664||-1992.0122482452407||0.0||0.0|| || 
2018-12-07 19:00:00||6582.869377480872||7859.518016496948||-1276.6486390160762||-419.64899484202056||-1713.9992883481113||0.0||0.0|| || 
2018-12-07 19:15:00||6574.807773253045||7761.069937497174||-1186.262164244129||-572.9716287224422||-1226.5810710433736||0.0||0.0|| || 
2018-12-07 19:30:00||6104.521325060268||7446.764450275161||-1342.2431252148926||-726.8259280209322||-1230.8343943879208||0.0||0.0|| || 
2018-12-07 19:45:00||5686.246362743304||7145.947385069594||-1459.7010223262896||-873.4009468820037||-1172.6001508885718||0.0||0.0|| || 
2018-12-07 20:00:00||5682.959308475103||7036.238727657032||-1353.2794191819285||-969.3766413419886||-767.8055556798797||0.0||0.0|| || 
2018-12-07 20:15:00||5411.572754863549||6805.328207830585||-1393.755452967036||-1054.252403666998||-679.0060986000763||0.0||0.0|| || 
2018-12-07 20:30:00||5016.446718730695||6511.841193917207||-1495.3944751865129||-1142.480817970901||-705.8273144312238||0.0||0.0|| || 
2018-12-07 20:45:00||4846.008475849049||6319.008375108526||-1472.9998992594765||-1208.584634228616||-528.8305300617208||0.0||0.0|| || 
2018-12-07 21:00:00||4284.205551872273||5939.399567322709||-1655.1940154504364||-1297.9065104729802||-714.5750099549123||0.0||0.0|| || 
2018-12-07 21:15:00||3935.0181315842306||5648.665326780287||-1713.6471951960561||-1381.0546474175953||-665.1850955569216||0.0||0.0|| || 
2018-12-07 21:30:00||3479.362797494349||5302.338892203969||-1822.9760947096206||-1469.4389368760003||-707.0743156672406||0.0||0.0|| || 
2018-12-07 21:45:00||3248.4761840336796||5056.135997225898||-1807.6598131922183||-1537.083112139244||-541.1534021059488||0.0||0.0|| || 
2018-12-07 22:00:00||4137.639144951575||5350.35077002398||-1212.7116250724048||-1472.208814725876||518.9943793069424||0.0||0.0|| || 
2018-12-07 22:15:00||4536.93833957441||5452.77544705924||-915.8371074848301||-1360.9344732776667||890.1947315856733||0.0||0.0|| || 
2018-12-07 22:30:00||4374.124722716809||5306.543919869667||-932.419197152858||-1275.231418052705||685.6244417996941||0.0||0.0|| || 
2018-12-07 22:45:00||4318.816777683453||5210.846079879321||-892.0293021958678||-1198.5909948813376||613.1233853709396||0.0||0.0|| || 
2018-12-07 23:00:00||4357.310054962922||5163.303635443815||-805.9935804808938||-1120.0715120012487||628.1558630407098||0.0||0.0|| || 
2018-12-07 23:15:00||3882.076464968626||4874.784234299829||-992.707769331203||-1094.5987634672395||203.7819882720728||0.0||0.0|| || 
2018-12-07 23:30:00||3379.327178050376||4559.185853981323||-1179.858675930947||-1111.650745959981||-136.415859941932||0.0||0.0|| || 
2018-12-07 23:45:00||3193.084916811857||4382.116715167892||-1189.0317983560349||-1127.1269564391916||-123.80968383368645||0.0||0.0|| || 
2018-12-08 00:00:00||2782.279197302341||4096.244939229529||-1313.9657419271884||-1164.494713536791||-298.9420567807947||0.0||0.0|| || 
2018-12-08 00:15:00||2714.5805346404422||3966.318491138453||-1251.7379564980106||-1181.943362129035||-139.5891887379512||0.0||0.0|| || 
2018-12-08 00:30:00||2915.3830508496053||3970.279854017086||-1054.8968031674808||-1156.534050336724||203.27449433848642||0.0||0.0|| || 
2018-12-08 00:45:00||2873.2044214881275||3871.831121126932||-998.6266996388044||-1124.9525801971402||252.65176111667142||0.0||0.0|| || 
2018-12-08 01:00:00||2630.6928458745697||3681.0939403027146||-1050.401094428145||-1110.042283043341||119.28237723039229||0.0||0.0|| || 
2018-12-08 01:15:00||2867.526334201559||3717.3173906506618||-849.7910564491026||-1057.9920377244935||416.4019625507817||0.0||0.0|| || 
2018-12-08 01:30:00||2776.588287401319||3610.584919491353||-833.9966320900339||-1013.1929565976016||358.39264901513525||0.0||0.0|| || 
2018-12-08 01:45:00||2497.9228893395775||3414.6351624919935||-916.712273152416||-993.8968199085645||154.369093512297||0.0||0.0|| || 
2018-12-08 02:00:00||2770.741520210412||3478.0876682333273||-707.3461480229153||-936.5866855314346||458.4810750170386||0.0||0.0|| || 
2018-12-08 02:15:00||2790.8413786395795||3435.369366882711||-644.5279882431314||-878.174946073774||467.29391566128515||0.0||0.0|| || 
2018-12-08 02:30:00||2610.0365065411825||3300.572355261769||-690.5358487205867||-840.6471266031365||300.2225557650995||0.0||0.0|| || 
2018-12-08 02:45:00||2340.2429609194623||3119.5209556127493||-779.2779946932869||-828.3733002211666||98.19061105575929||0.0||0.0|| || 
2018-12-08 03:00:00||2438.3513238549294||3109.0340196414345||-670.6826957865051||-796.8351793342342||252.30496709545832||0.0||0.0|| || 
2018-12-08 03:15:00||2361.6306217234023||3022.4142226309577||-660.7836009075554||-769.6248636488984||217.68252548268606||0.0||0.0|| || 
2018-12-08 03:30:00||2416.6600506890327||2999.96294021385||-583.3028895248171||-732.3604688240822||298.1151585985301||0.0||0.0|| || 
2018-12-08 03:45:00||2607.4344151984124||3048.609642420231||-441.17522722181866||-674.1234205036295||465.8963865636217||0.0||0.0|| || 
2018-12-08 04:00:00||3318.9767882448105||3358.5244718705844||-39.54768362577397||-547.2082731280584||1015.3211790045689||0.0||0.0|| || 
2018-12-08 04:15:00||3254.02896851484||3324.3238413616523||-70.29487284681227||-451.8255930718092||763.0614404499938||0.0||0.0|| || 
2018-12-08 04:30:00||3065.2147625894804||3228.206270149678||-162.99150756019753||-394.0587759694868||462.13453681857857||0.0||0.0|| || 
2018-12-08 04:45:00||3282.830652960329||3320.910846434887||-38.080193474557746||-322.863059470501||569.5657319918865||0.0||0.0|| || 
2018-12-08 05:00:00||3692.8684725048943||3515.515708180451||177.35276432444334||-222.81989471151215||800.3453180719109||0.0||0.0|| || 
2018-12-08 05:15:00||5290.175609042602||4297.72675646338||992.4488525792221||20.233854746634734||1944.4299956651748||0.0||0.0|| || 
2018-12-08 05:30:00||4744.849533805279||4108.677079688316||636.1724541169633||143.42157462070045||985.5017589925258||0.0||0.0|| || 
2018-12-08 05:45:00||4306.354397835236||3944.6736774891815||361.68072034605484||187.07340376577133||349.214633160567||0.0||0.0|| || 
2018-12-08 06:00:00||3997.3350858605845||3822.677765823316||174.65732003726862||184.5901870200708||-19.865733965604363||0.0||0.0|| || 
2018-12-08 06:15:00||3845.055777266649||3762.2956779845517||82.76009928209714||164.22416947247606||-162.92814038075784||0.0||0.0|| || 
2018-12-08 06:30:00||3614.3324669179337||3657.3370544301406||-43.004587512206854||122.77841807553946||-331.56601117549263||0.0||0.0|| || 
2018-12-08 06:45:00||3646.2107596997903||3669.5003370649447||-23.2895773651544||93.56481898740068||-233.70879270511017||0.0||0.0|| || 
2018-12-08 07:00:00||3318.197344361361||3509.8427980230967||-191.6454536617357||36.5227644575734||-456.3364362386182||0.0||0.0|| || 
2018-12-08 07:15:00||2918.8874559980745||3303.386521873238||-384.4990658751635||-47.681601608973985||-673.634928532379||0.0||0.0|| || 
2018-12-08 07:30:00||2642.1875396906785||3141.6792239567017||-499.4916842660232||-138.04361814038384||-722.8961322512787||0.0||0.0|| || 
2018-12-08 07:45:00||2389.805958199805||2983.1627821821307||-593.3568239823257||-229.10625930877222||-728.501129347107||0.0||0.0|| || 
2018-12-08 08:00:00||2203.618201553681||2849.564467946417||-645.9462663927361||-312.47426072556505||-666.9440113343421||0.0||0.0|| || 
2018-12-08 08:15:00||2147.513682853115||2774.7033095800157||-627.1896267269008||-375.41733392583217||-503.5445856021372||0.0||0.0|| || 
2018-12-08 08:30:00||1924.0871916449435||2620.6691007222366||-696.5819090772932||-439.6502489561244||-513.8633202423375||0.0||0.0|| || 
2018-12-08 08:45:00||1705.4047298534138||2463.778885113182||-758.374155259768||-503.3950302168532||-509.9582500858297||0.0||0.0|| || 
2018-12-08 09:00:00||1881.6298067990422||2492.452132882576||-610.8223260835337||-524.8804893901893||-171.88367338668877||0.0||0.0|| || 
2018-12-08 09:15:00||2154.305091906882||2578.494134891274||-424.189042984392||-504.7422001090298||161.10631424927556||0.0||0.0|| || 
2018-12-08 09:30:00||2296.028906998131||2615.3101167511795||-319.28120975304864||-467.6500020378336||296.7375845695699||0.0||0.0|| || 
2018-12-08 09:45:00||2173.725804383034||2532.7729777325735||-359.04717334953966||-445.9294363001748||173.7645259012703||0.0||0.0|| || 
2018-12-08 10:00:00||2077.4989083241053||2459.8454223449753||-382.34651402087||-433.21285184431383||101.73267564688763||0.0||0.0|| || 
2018-12-08 10:15:00||2353.1204808896277||2564.2301414305325||-211.10966054090477||-388.792213583632||355.3651060854545||0.0||0.0|| || 
2018-12-08 10:30:00||2189.3336976758387||2469.7320857690115||-280.3983880931728||-367.1134484855402||173.43012078473475||0.0||0.0|| || 
2018-12-08 10:45:00||1981.188321110325||2348.7436905268623||-367.55536941653736||-367.2018326717396||-0.7070734895954729||0.0||0.0|| || 
2018-12-08 11:00:00||1939.1795701702747||2301.290931228576||-362.1113610583013||-366.18373834905196||8.144754581501275||0.0||0.0|| || 
2018-12-08 11:15:00||2332.3128578363867||2463.7542652116445||-131.44140737525777||-319.23527215429317||375.5877295580708||0.0||0.0|| || 
2018-12-08 11:30:00||3815.424836630789||3168.1088174181896||647.3160192125993||-125.92501388091469||1546.4820661870278||0.0||0.0|| || 
2018-12-08 11:45:00||3673.562384841437||3147.754008720546||525.8083761208909||4.421664119446433||1042.773424002889||0.0||0.0|| || 
2018-12-08 12:00:00||3792.1443671735237||3243.7978058523577||548.3465613211661||113.20664355979036||870.2798355227515||0.0||0.0|| || 
2018-12-08 12:15:00||3734.2994029929814||3256.564790604035||477.7346123889465||186.1122373256216||583.2447501266498||0.0||0.0|| || 
2018-12-08 12:30:00||3446.174907147907||3153.2259305592916||292.94897658861555||207.4795851782204||170.93878282079032||0.0||0.0|| || 
2018-12-08 12:45:00||3146.277995278998||3030.5310453326774||115.74694994632046||189.1330581318404||-146.77221637103986||0.0||0.0|| || 
2018-12-08 13:00:00||3000.1912913899214||2968.76685086359||31.424440526331182||157.59133461073856||-252.33378816881475||0.0||0.0|| || 
2018-12-08 13:15:00||3775.3461173299333||3344.317281169991||431.02883615994233||212.2788349205793||437.50000247872606||0.0||0.0|| || 
2018-12-08 13:30:00||3556.2304315868664||3270.745198120362||285.48523346650427||226.9201146297643||117.13023767347994||0.0||0.0|| || 
2018-12-08 13:45:00||3636.3560559581174||3330.4712567781125||305.88479918000485||242.71305153981243||126.34349528038484||0.0||0.0|| || 
2018-12-08 14:00:00||4629.211656579945||3831.1709755352895||798.0406810446557||353.7785774407811||888.5242072077492||0.0||0.0|| || 
2018-12-08 14:15:00||5516.057724798415||4317.285058828972||1198.7726659694426||522.7773951465134||1351.9905416458585||0.0||0.0|| || 
2018-12-08 14:30:00||5363.283159444812||4332.524910026826||1030.758249417986||624.373566000808||812.7693668343561||0.0||0.0|| || 
2018-12-08 14:45:00||5209.318191837917||4334.74609224706||874.5720995908569||674.4132727188178||400.31765374407814||0.0||0.0|| || 
2018-12-08 15:00:00||5091.147545401314||4342.632232821352||748.5153125799625||689.2336806910466||118.56326377783171||0.0||0.0|| || 
2018-12-08 15:15:00||4723.414336878036||4221.021081501252||502.3932553767836||651.8655956281941||-298.94468050282103||0.0||0.0|| || 
2018-12-08 15:30:00||4134.147723512184||3974.514434723382||159.63328878880202||553.4191342603157||-787.5716909430273||0.0||0.0|| || 
2018-12-08 15:45:00||3757.108773741078||3804.801850669798||-47.693076928720075||433.1966920225085||-961.7795379024572||0.0||0.0|| || 
2018-12-08 16:00:00||3753.312782396297||3799.441330620183||-46.128548223886355||337.3316439732295||-766.9203843942317||0.0||0.0|| || 
2018-12-08 16:15:00||3443.496994335328||3646.8538365001696||-203.3568421648415||229.1939467456153||-865.1015778209137||0.0||0.0|| || 
2018-12-08 16:30:00||3368.9503167452776||3595.8975219446015||-226.9472051993239||137.96571635662747||-729.8258431119027||0.0||0.0|| || 
2018-12-08 16:45:00||4078.8056664767737||3920.868823282038||157.9368431947355||141.9599417242491||31.95380294097282||0.0||0.0|| || 
2018-12-08 17:00:00||3798.1471085572703||3797.435950446332||0.7111581109384133||113.71018500158695||-225.99805378129707||0.0||0.0|| || 
2018-12-08 17:15:00||3549.211138009998||3677.630568931789||-128.419430921791||65.28426181691135||-387.40738547740466||0.0||0.0|| || 
2018-12-08 17:30:00||3453.673644469998||3622.1184845664716||-168.4448400964734||18.538441434234407||-373.9665630614156||0.0||0.0|| || 
2018-12-08 17:45:00||3571.4280130130755||3666.3376368208064||-94.9096238077309||-4.1511716141586525||-181.51690438714448||0.0||0.0|| || 
2018-12-08 18:00:00||3485.842123318756||3618.0992733525986||-132.25715003384266||-29.772367298095453||-204.96956547149443||0.0||0.0|| || 
2018-12-08 18:15:00||3492.2539628081786||3611.389629400554||-119.1356665923754||-47.64502715695144||-142.98127887084792||0.0||0.0|| || 
2018-12-08 18:30:00||3688.431336222305||3697.020537593106||-8.589201370800765||-39.83386199972131||62.489321257841084||0.0||0.0|| || 
2018-12-08 18:45:00||3424.224539880412||3569.173620734357||-144.9490808539449||-60.85690577056603||-168.18435016675775||0.0||0.0|| || 
2018-12-08 19:00:00||3429.330513744964||3560.8950836429226||-131.5645698979588||-74.99843859604458||-113.13226260382842||0.0||0.0|| || 
2018-12-08 19:15:00||4208.882236245739||3926.489278187891||282.3929580578474||-3.52015926526618||571.8262346462271||0.0||0.0|| || 
2018-12-08 19:30:00||4167.229841438702||3927.352418322121||239.8774231165812||45.1593572111033||389.4361318109558||0.0||0.0|| || 
2018-12-08 19:45:00||3745.779455063517||3742.20055992789||3.5788951356271355||36.843264796008064||-66.52873932076186||0.0||0.0|| || 
2018-12-08 20:00:00||3623.9092219768227||3683.787402896194||-59.878180919371516||17.49897565293215||-154.75431314460732||0.0||0.0|| || 
2018-12-08 20:15:00||3712.084946288081||3721.8069604594393||-9.722014171358296||12.05477768807406||-43.553583718864715||0.0||0.0|| || 
2018-12-08 20:30:00||4875.769074551453||4281.379169314296||594.3899052371571||128.52180319789068||931.7362040785329||0.0||0.0|| || 
2018-12-08 20:45:00||8583.273673851229||6110.502858253978||2472.7708155972505||597.3716056777627||3750.798419838976||0.0||0.0|| || 
2018-12-08 21:00:00||10338.661850181808||7138.857966531461||3199.8038836503474||1117.8580612722797||4163.891644756135||0.0||0.0|| || 
2018-12-08 21:15:00||13364.626147076915||8832.826249010614||4531.7998980663015||1800.646428631084||5462.306938870435||0.0||0.0|| || 
2018-12-08 21:30:00||19854.309992142007||12293.177722417237||7561.132269724771||2952.743596849821||9216.777345749899||0.0||0.0|| || 
2018-12-08 21:45:00||19788.1945825817||12821.42824890485||6966.766333676849||3755.548144215227||6422.436378923245||0.0||0.0|| || 
2018-12-08 22:00:00||18417.360922184514||12677.453992689676||5739.906929494839||4152.419901271149||3174.9740564473796||0.0||0.0|| || 
2018-12-08 22:15:00||17135.26828954074||12485.328423601552||4649.93986593919||4251.923894204757||796.0319434688663||0.0||0.0|| || 
2018-12-08 22:30:00||15962.198055765242||12264.956819631067||3697.241236134176||4140.987362590641||-887.4922529129308||0.0||0.0|| || 
2018-12-08 22:45:00||14979.54673180136||12065.69812558432||2913.8486062170396||3895.559611315921||-1963.4220101977626||0.0||0.0|| || 
2018-12-08 23:00:00||14114.83553460115||11865.196334800297||2249.639199800853||3566.3755290129075||-2633.472658424109||0.0||0.0|| || 
2018-12-08 23:15:00||12816.997478508665||11406.951285555831||1410.0461929528337||3135.109661800893||-3450.126937696118||0.0||0.0|| || 
